1437,38.5
750,12.4
2425,28.5
3025,67.1
2025,78.3
762,1.2
1950,79.5
1912,14.9
1625,53.4
1600,23.6
1150,33.5
1100,17.4
0,0
1587,38.5
1550,44.7
0,0
1975,77
1287,11.1
0,0
1250,12.4
2562,19.8
1375,19.8
1687,14.9
1712,64.6
875,0
2325,12.4
1725,11.1
1925,11.1
1987,78.3
650,0
1125,29.8
975,23.6
2100,11.1
0,0
1025,17.4
1887,12.4
0,0
1262,17.4
0,0
1550,47.2
1862,63.3
1712,17.4
850,9.9
1087,16.1
1125,26.1
2162,21.1
1812,13.6
2025,80.7
1337,42.2
1075,21.1
2137,83.2
2425,27.3
1287,42.2
2175,84.5
2362,11.1
1487,17.4
1625,50.9
875,12.4
1487,24.8
1662,11.1
2725,12.4
2287,23.6
1225,19.8
662,0
975,24.8
725,0
1412,43.5
675,0
675,0
687,26.1
1887,12.4
1475,16.1
2612,18.6
1862,13.6
1125,0
950,24.8
612,9.9
1300,13.6
2437,23.6
2712,32.3
2625,11.1
2000,75.8
2875,12.4
0,0
662,34.8
1175,34.8
1625,11.1
1462,4.9
1150,18.6
0,2.4
975,28.5
1162,0
3162,18.6
1550,0
1175,31
587,0
0,0
1262,11.1
1462,44.7
0,0
1437,12.4
850,23.6
2050,65.8
4962,53.4
612,2.4
1525,11.1
1887,29.8
1612,36
1075,13.6
1450,11.1
812,2.4
1337,18.6
2437,72
575,28.5
1312,16.1
2037,26.1
1275,37.2
687,19.8
2100,73.3
2425,12.4
1262,16.1
1825,38.5
662,33.5
1125,23.6
1325,37.2
1525,21.1
2025,75.8
0,0
1287,33.5
1975,23.6
0,0
1500,18.6
1912,78.3
0,0
2262,36
3437,36
700,0
1175,29.8
687,2.4
675,4.9
1637,21.1
1225,18.6
912,24.8
2075,14.9
650,31
1312,54.6
1575,43.5
750,32.3
1062,14.9
875,8.7
912,0
3612,18.6
1100,16.1
1637,78.3
1525,26.1
2025,78.3
800,9.9
1875,31
1287,18.6
1137,28.5
1100,16.1
1162,24.8
1587,18.6
725,38.5
1037,6.2
1837,13.6
1575,28.5
1262,41
887,0
1825,69.6
1862,72
1850,74.5
0,0
650,0
1037,29.8
725,2.4
1800,68.3
2012,12.4
662,0
562,2.4
1275,11.1
950,12.4
2050,78.3
1037,19.8
900,18.6
1587,36
1537,36
1175,11.1
1675,19.8
1987,22.3
2562,6.2
1912,60.9
1175,19.8
1300,32.3
987,13.6
662,1.2
1950,77
1125,17.4
2375,44.7
1925,74.5
2250,11.1
2225,7.4
3012,24.8
612,6.2
3737,84.5
1650,68.3
1662,83.2
1825,74.5
762,19.8
2175,65.8
1275,38.5
1687,42.2
1625,39.7
700,4.9
1375,44.7
1625,37.2
887,16.1
687,8.7
1987,58.4
625,0
2475,80.7
1175,17.4
1937,12.4
1275,29.8
0,0
1725,32.3
650,0
1025,13.6
1862,75.8
1587,55.9
1100,32.3
837,9.9
0,0
1312,13.6
1750,59.6
787,11.1
1150,28.5
1262,42.2
1287,29.8
3937,36
2025,62.1
1550,28.5
2062,67.1
662,0
1312,28.5
1962,33.5
1050,9.9
1337,45.9
1875,23.6
1175,21.1
1200,32.3
1712,58.4
625,6.2
2000,52.2
2212,68.3
1800,57.1
762,6.2
1050,18.6
1337,36
3700,34.8
1050,18.6
2275,68.3
600,4.9
662,0
912,16.1
1912,63.3
875,21.1
1637,49.7
1537,42.2
800,8.7
1100,36
1662,24.8
1225,23.6
1362,42.2
1175,59.6
750,7.4
1775,53.4
725,23.6
1500,11.1
0,0
0,0
1000,49.7
2287,68.3
1625,12.4
1137,22.3
0,0
1512,48.4
1925,11.1
1675,63.3
1062,27.3
775,8.7
1400,19.8
1062,0
1712,4.9
1075,11.1
1500,39.7
1012,9.9
762,0
1050,12.4
0,0
1087,14.9
1225,8.7
750,17.4
700,0
1400,31
2200,11.1
2175,69.6
1450,43.5
5800,57.1
2062,67.1
687,0
1150,19.8
1375,41
2875,11.1
1512,45.9
1300,13.6
1750,13.6
0,0
3150,16.1
2675,22.3
2512,8.7
3150,16.1
2137,64.6
2075,62.1
737,0
2075,62.1
0,0
1125,18.6
2150,18.6
700,3.7
1175,64.6
587,12.4
1400,58.4
1375,49.7
1375,44.7
1600,28.5
1562,45.9
1300,16.1
0,0
1625,48.4
1212,24.8
1612,47.2
2300,21.1
1500,44.7
1575,48.4
650,3.7
2662,39.7
887,11.1
0,0
1137,33.5
1162,32.3
2450,78.3
2550,14.9
1087,31
1987,6.2
1312,24.8
2125,59.6
725,11.1
1775,39.7
2037,60.9
1125,34.8
1412,42.2
1187,36
1325,33.5
1287,45.9
2187,67.1
600,0
1862,43.5
1337,32.3
1300,36
1637,58.4
912,11.1
650,37.2
1000,13.6
1162,14.9
812,13.6
1087,23.6
687,0
2625,19.8
1700,26.1
0,0
1575,16.1
2500,98.1
625,39.7
675,0
1625,37.2
600,0
650,0
1175,22.3
1175,27.3
1925,78.3
1175,33.5
1212,28.5
662,2.4
650,0
1075,32.3
2762,77
1425,42.2
650,0
1337,42.2
1075,27.3
650,0
1825,74.5
637,0
1812,59.6
2012,17.4
1812,59.6
2350,24.8
975,0
1187,24.8
1425,43.5
1712,37.2
0,0
1087,42.2
1362,34.8
1612,11.1
650,23.6
0,0
0,0
1900,74.5
637,0
2762,13.6
1775,67.1
925,3.7
1875,19.8
1812,18.6
1912,12.4
0,0
1362,47.2
1150,37.2
0,0
1225,43.5
1187,47.2
675,0
0,0
1262,55.9
0,0
0,0
1512,26.1
862,13.6
1100,12.4
1900,74.5
2400,73.3
1762,59.6
650,0
1337,43.5
2487,73.3
1950,73.3
2887,73.3
987,12.4
1475,49.7
1137,19.8
1225,12.4
2062,78.3
2025,11.1
1625,11.1
1487,11.1
1462,38.5
737,11.1
1137,0
2087,8.7
775,11.1
2287,80.7
1200,26.1
1200,73.3
2175,9.9
1650,18.6
650,39.7
0,0
987,16.1
1100,11.1
1062,16.1
1512,39.7
0,0
675,0
2150,0
1400,43.5
0,0
812,3.7
700,0
662,3.7
737,0
2000,11.1
1262,21.1
737,0
0,0
1687,43.5
1262,7.4
1150,34.8
1800,17.4
575,0
1737,37.2
612,2.4
1262,37.2
1150,26.1
1000,24.8
862,23.6
1012,27.3
1737,14.9
1425,42.2
2975,27.3
1800,12.4
1275,19.8
962,1.2
1187,18.6
662,0
737,0
625,0
625,0
1862,12.4
1487,21.1
1312,22.3
1712,38.5
0,0
5825,67.1
1425,41
1450,42.2
1200,11.1
1362,45.9
2037,75.8
5450,90.7
1975,78.3
1150,31
1187,49.7
0,8.7
1562,27.3
1312,50.9
1362,43.5
1637,42.2
862,0
1837,73.3
812,0
650,0
1375,26.1
1037,29.8
0,0
1850,54.6
775,0
1737,67.1
1987,17.4
1687,38.5
1587,11.1
1950,75.8
1937,16.1
1012,41
687,0
775,4.9
1087,39.7
2175,17.4
1525,45.9
687,0
362,36
1137,31
1650,38.5
0,0
1262,11.1
1500,13.6
1200,38.5
2075,72
1900,57.1
5812,47.2
1175,36
1550,45.9
1075,37.2
1175,24.8
1625,52.2
550,0
1487,36
1512,34.8
1625,48.4
1562,45.9
1637,48.4
1075,12.4
1837,41
1612,6.2
737,0
2300,36
587,14.9
1537,41
1450,41
1375,43.5
2075,11.1
1212,38.5
1737,27.3
1737,27.3
1350,17.4
2162,80.7
762,0
1187,17.4
1012,16.1
1587,47.2
2287,24.8
1437,22.3
675,0
2200,79.5
2600,77
1237,38.5
2525,74.5
0,0
812,0
2612,78.3
2462,75.8
2412,88.2
750,0
0,0
2275,12.4
0,0
750,0
1250,19.8
750,0
0,0
1487,28.5
625,0
1062,14.9
2975,88.2
2150,7.4
2150,28.5
0,0
0,0
1487,27.3
2612,77
1175,31
612,0
2012,79.5
1462,41
1325,54.6
2412,78.3
637,0
1912,65.8
1312,28.5
1450,22.3
1837,12.4
2712,80.7
1600,31
1175,22.3
2025,75.8
1412,42.2
2725,78.3
2075,8.7
2100,85.7
2650,78.3
1862,70.8
1175,26.1
0,0
1137,16.1
1237,18.6
675,18.6
2450,83.2
2087,7.4
737,0
0,0
350,2.4
762,0
1325,43.5
1250,45.9
2375,77
825,21.1
1825,82
1125,11.1
1525,14.9
1487,11.1
2100,11.1
612,26.1
2087,13.6
2162,77
2275,77
2275,77
2150,37.2
2437,78.3
2600,78.3
1175,52.2
775,27.3
2325,7.4
1700,39.7
0,0
2512,22.3
2075,22.3
1900,73.3
1950,75.8
2075,22.3
1237,3.7
1925,77
750,0
850,19.8
2200,84.5
712,38.5
637,0
1087,22.3
1725,12.4
2600,75.8
2812,84.5
1800,12.4
562,0
1875,59.6
1725,18.6
1675,17.4
637,9.9
2762,82
1125,18.6
1675,16.1
1950,57.1
1862,23.6
675,1.2
712,0
0,0
1375,21.1
800,12.4
2775,16.1
2637,77
637,9.9
1575,11.1
1462,17.4
2100,80.7
1550,41
1137,21.1
1600,38.5
1875,43.5
1600,38.5
1625,48.4
3087,14.9
725,3.7
0,0
2837,78.3
1750,31
2912,73.3
1600,47.2
1012,54.6
2062,79.5
1487,2.4
0,0
750,0
725,0
725,0
0,0
1062,4.9
725,0
987,22.3
1087,11.1
0,0
1287,22.3
1512,29.8
0,0
1512,29.8
1450,12.4
837,9.9
1550,6.2
812,0
1162,0
1887,72
2175,68.3
1987,68.3
1987,68.3
1925,68.3
1787,12.4
1187,38.5
0,0
1137,34.8
1025,0
0,0
1650,11.1
1300,13.6
0,0
1175,39.7
725,36
1212,38.5
1175,12.4
762,1.2
1175,38.5
1950,18.6
937,11.1
1175,38.5
1925,18.6
1837,23.6
1087,2.4
1325,38.5
1175,0
1675,19.8
0,0
0,0
825,0
1500,33.5
1512,34.8
1337,29.8
0,0
1525,16.1
1812,19.8
0,0
862,6.2
1725,16.1
1325,31
1200,36
0,0
0,0
0,0
0,0
1175,41
1575,60.9
1625,0
575,0
3612,28.5
3950,32.3
1400,41
1437,18.6
612,13.6
1725,31
1450,12.4
1725,65.8
1625,57.1
800,17.4
562,0
1337,26.1
1787,22.3
1037,29.8
1612,49.7
1175,12.4
1312,36
1775,65.8
1025,12.4
0,0
1512,55.9
650,7.4
0,0
3062,18.6
0,0
1450,0
912,31
687,8.7
2725,36
1200,38.5
1737,64.6
1287,39.7
1037,8.7
2300,12.4
1700,50.9
0,0
1862,63.3
0,0
1725,65.8
0,0
2412,37.2
0,0
750,16.1
1725,64.6
3187,12.4
1762,14.9
1825,63.3
1937,19.8
2000,68.3
1912,58.4
0,0
1787,59.6
1125,14.9
0,0
1425,17.4
1612,58.4
1262,19.8
1925,11.1
3075,54.6
1600,55.9
3387,54.6
2737,14.9
737,0
1637,63.3
1837,18.6
1925,70.8
1712,67.1
1400,38.5
1200,26.1
1750,70.8
2687,70.8
1500,64.6
1412,48.4
1787,65.8
1262,37.2
2850,22.3
2462,11.1
1800,65.8
1225,32.3
875,24.8
1162,34.8
1200,19.8
1212,36
200,0
1675,73.3
2825,44.7
1687,57.1
1100,11.1
62,0
2325,69.6
1362,34.8
1575,53.4
2125,63.3
1400,39.7
2050,70.8
2000,83.2
1712,43.5
750,0
1125,50.9
737,0
1125,12.4
2987,14.9
1200,28.5
1437,31
1375,50.9
2487,19.8
1212,26.1
1150,19.8
1712,3.7
800,12.4
637,0
1562,63.3
2637,80.7
875,18.6
1425,32.3
1075,0
0,0
1562,60.9
1812,17.4
1075,22.3
1762,22.3
1587,14.9
1600,38.5
1462,57.1
0,0
0,0
2662,79.5
1650,26.1
1900,27.3
775,27.3
1125,23.6
2975,89.4
1112,17.4
925,23.6
700,0
2650,78.3
2225,13.6
1112,27.3
1062,0
3000,89.4
0,0
1375,36
1425,44.7
1487,43.5
0,0
1550,16.1
675,23.6
0,0
1175,11.1
1362,38.5
1200,33.5
0,0
1200,33.5
1262,41
1150,29.8
1837,42.2
1837,42.2
1575,65.8
0,0
687,41
1775,14.9
0,0
2750,83.2
0,0
1012,21.1
1787,55.9
1862,63.3
1512,59.6
2137,72
1825,11.1
1450,14.9
1000,14.9
2062,68.3
1875,13.6
0,0
1387,27.3
2462,82
1950,17.4
2075,12.4
1450,47.2
1437,49.7
1775,21.1
1550,53.4
0,0
0,0
1150,17.4
2062,53.4
1225,19.8
1812,12.4
1050,13.6
987,13.6
625,0
1750,55.9
2262,52.2
1750,54.6
1500,50.9
1012,12.4
1187,19.8
1900,65.8
0,0
1300,44.7
1425,48.4
2000,18.6
0,0
1762,60.9
0,0
1450,48.4
2337,73.3
1450,49.7
1437,47.2
1350,47.2
0,0
0,0
1450,48.4
1150,22.3
1850,16.1
1350,24.8
1262,41
1050,4.9
2225,75.8
2137,73.3
1175,9.9
1575,53.4
1175,34.8
1800,12.4
1087,37.2
1050,13.6
1437,24.8
0,0
662,2.4
0,0
0,0
1112,12.4
1300,22.3
0,0
1412,28.5
1175,21.1
0,0
1800,67.1
825,0
1787,67.1
1175,62.1
0,0
1700,11.1
1175,32.3
1012,18.6
0,0
1412,34.8
1525,38.5
1575,57.1
2475,16.1
1475,52.2
1350,43.5
0,0
1700,64.6
1450,57.1
1412,27.3
1187,21.1
1662,62.1
1562,58.4
1525,53.4
0,0
762,26.1
0,0
975,8.7
975,11.1
837,29.8
912,21.1
0,0
0,0
875,43.5
1587,59.6
2925,72
3137,48.4
1187,6.2
1825,13.6
2250,19.8
1875,58.4
3212,83.2
1925,65.8
1412,0
1587,37.2
1762,59.6
1037,26.1
1025,11.1
1600,47.2
1412,39.7
6300,77
7225,83.2
762,41
1650,14.9
2762,70.8
1137,29.8
675,0
737,0
1962,18.6
1087,13.6
1837,17.4
1425,0
675,47.2
0,0
1637,26.1
2225,29.8
2012,17.4
1450,62.1
2650,17.4
737,31
1387,38.5
1975,73.3
1687,48.4
1937,68.3
1325,38.5
1837,62.1
575,0
1412,53.4
1912,67.1
562,3.7
687,0
1112,18.6
1150,12.4
1300,21.1
1337,12.4
3125,28.5
612,0
0,0
1575,41
1662,45.9
575,33.5
1587,26.1
0,0
1050,12.4
1737,39.7
2212,34.8
725,4.9
0,0
2062,49.7
0,0
1575,57.1
2237,11.1
2100,11.1
1662,6.2
1100,9.9
1100,65.8
1100,9.9
1225,45.9
1537,36
2150,0
1525,21.1
1400,36
1212,14.9
0,0
2225,0
1375,38.5
1362,22.3
1300,34.8
1912,55.9
1150,27.3
0,0
950,29.8
0,0
0,0
1912,65.8
950,9.9
1712,63.3
0,0
950,34.8
0,0
925,53.4
1425,47.2
0,0
737,0
1537,21.1
650,36
1037,6.2
2062,82
2512,24.8
1400,45.9
1187,34.8
812,0
2175,83.2
1775,11.1
1287,18.6
1575,18.6
1950,73.3
937,33.5
1425,19.8
3050,24.8
1412,16.1
1087,18.6
1875,26.1
625,22.3
1975,77
825,4.9
1487,0
1637,32.3
1887,74.5
1925,73.3
1712,12.4
1675,36
700,0
2750,18.6
2900,23.6
587,0
1450,16.1
1875,0
600,0
1900,22.3
2037,70.8
1537,54.6
1237,18.6
1137,7.4
1512,34.8
1300,0
1875,28.5
1375,0
2112,14.9
862,0
625,29.8
1400,0
2412,6.2
1937,78.3
0,0
1837,43.5
1537,48.4
637,0
1837,28.5
1737,27.3
2162,69.6
1437,47.2
1037,26.1
0,17.4
0,0
1537,14.9
1787,75.8
2025,69.6
1137,41
812,0
1887,13.6
812,0
1562,65.8
1400,68.3
1187,28.5
1087,28.5
1025,22.3
1887,12.4
2112,80.7
0,0
562,21.1
2025,78.3
1950,75.8
975,21.1
1112,21.1
1300,23.6
1287,55.9
0,0
1700,73.3
0,0
1725,48.4
1762,39.7
1800,21.1
850,12.4
575,24.8
1900,77
1375,16.1
1562,64.6
1587,49.7
1800,69.6
1875,55.9
775,0
662,0
1275,50.9
1762,67.1
0,0
1425,11.1
650,0
575,0
1000,22.3
737,0
1337,13.6
1537,16.1
1837,54.6
600,0
625,0
1600,14.9
675,6.2
1900,22.3
1187,18.6
1950,58.4
775,3.7
900,22.3
1762,68.3
1275,9.9
712,9.9
1500,44.7
1175,45.9
1000,12.4
775,11.1
1700,14.9
1150,37.2
1612,36
1800,18.6
712,0
675,6.2
1675,27.3
1187,36
1012,14.9
1187,42.2
1175,37.2
712,0
2100,18.6
1287,11.1
1475,39.7
1362,37.2
1800,62.1
1262,38.5
1262,38.5
1162,32.3
1125,26.1
1450,38.5
725,42.2
1150,41
1487,39.7
1487,42.2
962,22.3
650,0
650,0
1687,52.2
700,0
775,0
1387,12.4
1712,54.6
812,0
1175,39.7
2125,80.7
1962,74.5
0,0
0,0
1187,42.2
1262,55.9
2075,32.3
1562,49.7
1950,73.3
737,33.5
1675,74.5
2225,24.8
1700,27.3
1012,8.7
1437,34.8
2600,32.3
1862,16.1
1725,9.9
762,2.4
1312,12.4
700,0
1837,34.8
0,0
1175,31
1225,39.7
800,0
0,0
2250,67.1
1125,31
0,6.2
0,0
1487,39.7
1575,12.4
1537,37.2
1537,33.5
1450,39.7
1000,34.8
712,38.5
1262,33.5
1537,14.9
1862,29.8
1287,41
1462,14.9
2525,74.5
2050,78.3
2200,60.9
1537,11.1
2562,79.5
1037,8.7
2487,27.3
2200,78.3
1062,28.5
2500,74.5
1500,16.1
925,4.9
1575,7.4
1750,18.6
1850,33.5
1612,45.9
1675,57.1
2387,72
1887,21.1
1950,58.4
0,0
2287,68.3
1837,28.5
875,14.9
1650,26.1
1250,39.7
1525,39.7
1675,64.6
1300,21.1
0,0
0,0
1112,29.8
1662,69.6
1100,13.6
1975,21.1
762,47.2
1162,33.5
1950,72
1137,36
837,6.2
2587,11.1
1225,22.3
1350,42.2
1637,70.8
1250,16.1
1387,43.5
1112,26.1
0,0
0,0
1875,16.1
812,0
1362,44.7
1112,8.7
1337,32.3
1325,32.3
975,16.1
1500,38.5
1737,54.6
712,11.1
712,14.9
2437,72
1050,19.8
1075,17.4
675,0
2950,79.5
0,0
2725,79.5
675,47.2
2012,24.8
675,14.9
1312,12.4
2012,69.6
1175,18.6
1112,17.4
1175,12.4
1912,11.1
2162,74.5
2762,83.2
0,0
1175,33.5
625,0
1537,59.6
1312,44.7
2600,77
2950,79.5
3000,87
2637,78.3
837,0
1937,74.5
1312,9.9
1100,11.1
1812,77
1150,38.5
4000,91.9
2137,73.3
1700,22.3
1275,38.5
762,28.5
1937,18.6
1700,14.9
1637,63.3
1837,62.1
1537,21.1
0,0
2650,32.3
2650,42.2
937,37.2
2462,73.3
1275,26.1
2937,53.4
2612,79.5
2050,78.3
1662,31
1312,44.7
2337,68.3
2350,77
2375,70.8
1950,18.6
2512,75.8
1462,62.1
2075,78.3
2737,82
1712,60.9
1687,58.4
1662,57.1
1275,39.7
2512,21.1
1925,13.6
1737,45.9
6737,57.1
2600,77
1900,70.8
2862,84.5
1212,24.8
0,0
1737,58.4
1812,62.1
3062,57.1
2600,12.4
1787,69.6
1387,29.8
1425,11.1
1962,67.1
2012,12.4
2187,23.6
1637,53.4
2025,70.8
2225,67.1
2562,75.8
775,0
1937,13.6
987,27.3
1712,70.8
1262,17.4
1700,11.1
750,0
2912,88.2
2025,70.8
2212,67.1
2737,80.7
2312,65.8
862,38.5
0,0
700,33.5
1350,47.2
1462,47.2
1237,42.2
1300,43.5
625,0
0,0
1050,16.1
2475,85.7
1237,16.1
2275,79.5
0,0
2087,75.8
687,29.8
2062,0
1062,31
2100,73.3
0,0
987,31
1237,32.3
2250,7.4
0,0
1450,33.5
1862,18.6
1862,18.6
712,13.6
700,0
612,0
675,32.3
1137,26.1
2400,19.8
1125,12.4
1075,16.1
1700,11.1
812,7.4
1225,28.5
1800,19.8
2387,17.4
812,0
2887,21.1
1025,38.5
900,16.1
775,0
662,37.2
2287,39.7
687,0
3262,22.3
3400,26.1
1162,34.8
1150,32.3
1075,12.4
700,14.9
925,0
1525,50.9
1112,18.6
1450,32.3
1450,32.3
650,0
600,1.2
1737,29.8
1150,7.4
1225,0
712,7.4
1950,67.1
1237,22.3
1425,45.9
1125,32.3
1575,16.1
925,12.4
1125,16.1
1375,42.2
1462,52.2
637,0
650,14.9
2525,11.1
1525,50.9
612,0
650,3.7
2825,18.6
887,16.1
712,39.7
987,29.8
1025,16.1
2612,16.1
1437,37.2
2587,17.4
4425,53.4
2137,13.6
625,4.9
0,0
1350,42.2
1325,28.5
850,8.7
862,28.5
2275,69.6
687,26.1
1362,33.5
2987,13.6
1287,44.7
1187,24.8
787,4.9
3612,27.3
1137,22.3
700,0
0,0
1362,42.2
0,0
2087,38.5
275,34.8
1537,53.4
1100,34.8
912,8.7
3987,42.2
1287,37.2
2450,18.6
2162,67.1
650,32.3
2712,33.5
2562,27.3
1287,41
3100,32.3
1387,26.1
3087,29.8
1487,27.3
625,26.1
1250,21.1
2225,68.3
0,0
1187,24.8
1975,53.4
1312,47.2
1212,57.1
1700,12.4
1662,60.9
675,1.2
1200,26.1
737,13.6
875,9.9
1537,53.4
1112,14.9
2625,78.3
687,13.6
612,0
2625,11.1
587,21.1
1512,0
1400,42.2
550,47.2
2350,70.8
625,31
2150,6.2
625,0
1475,47.2
900,4.9
937,37.2
1800,18.6
2162,23.6
1262,41
725,28.5
600,0
1800,29.8
800,3.7
1362,43.5
687,31
2125,82
2425,11.1
1500,33.5
2225,82
1175,29.8
625,0
1837,41
700,0
1075,33.5
1237,21.1
2200,84.5
0,0
987,7.4
1437,33.5
0,0
2575,19.8
1412,45.9
1062,18.6
1412,45.9
2437,22.3
650,0
825,8.7
1175,37.2
1175,33.5
1775,11.1
1400,36
1400,36
1612,19.8
650,0
2025,11.1
1700,41
1525,34.8
1025,21.1
1362,39.7
812,6.2
1262,32.3
637,0
2225,22.3
1925,31
2175,24.8
1987,68.3
900,27.3
637,0
1625,59.6
650,0
1537,58.4
725,19.8
675,37.2
1775,48.4
1175,32.3
1150,39.7
1137,32.3
1525,48.4
1400,37.2
2325,70.8
1637,48.4
1775,32.3
837,16.1
1900,7.4
1025,12.4
675,23.6
2437,74.5
925,12.4
1175,16.1
2612,45.9
1337,42.2
2475,9.9
700,1.2
1400,57.1
2400,73.3
0,0
687,0
1437,43.5
1500,47.2
1350,42.2
2362,70.8
1312,43.5
2287,28.5
1287,34.8
1562,16.1
1587,13.6
1300,33.5
812,0
1600,52.2
1175,21.1
875,34.8
1150,19.8
1962,64.6
1150,32.3
1412,42.2
1412,19.8
1450,47.2
2162,22.3
1412,21.1
2037,73.3
750,16.1
1200,54.6
1000,8.7
950,42.2
1962,11.1
1262,8.7
1425,42.2
1175,52.2
0,0
0,0
2712,13.6
1412,44.7
2375,7.4
0,0
3162,12.4
662,0
1275,38.5
925,53.4
2175,67.1
750,0
1187,31
1737,28.5
637,0
1575,48.4
1300,41
1112,52.2
1225,37.2
1575,38.5
1700,18.6
1062,16.1
1600,47.2
1350,27.3
1062,21.1
1637,59.6
2137,64.6
2262,67.1
2050,23.6
1700,55.9
1012,39.7
1925,18.6
1862,64.6
1150,19.8
1100,44.7
1612,34.8
1187,23.6
2212,21.1
1162,14.9
1275,16.1
1112,4.9
1550,42.2
687,0
737,9.9
0,0
1475,45.9
1250,9.9
0,0
1937,58.4
1437,42.2
0,0
612,22.3
725,0
2000,60.9
1350,18.6
687,0
1625,43.5
2087,65.8
2137,63.3
2337,60.9
1350,63.3
2412,72
0,0
675,6.2
1012,11.1
562,0
2350,69.6
1212,13.6
2162,47.2
2400,72
2375,18.6
1675,27.3
2825,26.1
2050,79.5
1250,4.9
1825,58.4
1837,54.6
875,32.3
1375,39.7
575,3.7
1225,24.8
1512,14.9
0,0
1625,48.4
1550,41
0,0
1912,58.4
1425,42.2
1937,11.1
1950,14.9
887,9.9
2025,63.3
1512,16.1
1887,23.6
950,24.8
800,19.8
1250,11.1
2812,49.7
1587,50.9
1500,65.8
675,33.5
1487,45.9
1000,33.5
1137,17.4
1550,19.8
1137,9.9
2300,70.8
925,23.6
1537,16.1
1712,54.6
0,0
1287,33.5
1312,42.2
1162,31
2187,9.9
1212,22.3
1175,18.6
3987,36
1312,44.7
0,0
812,6.2
2800,19.8
1237,16.1
1687,63.3
1625,63.3
1425,41
650,14.9
1400,54.6
1200,19.8
1837,19.8
1862,7.4
1575,48.4
975,19.8
2350,72
1600,52.2
1650,58.4
1000,17.4
1200,38.5
2437,18.6
2975,27.3
1187,42.2
1000,9.9
2900,52.2
2437,18.6
1987,8.7
1400,29.8
1387,45.9
2975,21.1
1062,11.1
1250,14.9
775,41
975,4.9
1600,13.6
875,13.6
675,0
1275,48.4
675,12.4
0,3.5
1350,37.2
1212,37.2
2337,75.8
1025,0
1400,44.7
625,0
687,0
2462,75.8
2412,39.7
950,9.9
900,31
1325,12.4
3212,43.5
975,7.4
2262,68.3
1412,33.5
2187,13.6
1987,63.3
1337,32.3
737,49.7
887,34.8
1487,44.7
2062,16.1
1850,29.8
2400,72
0,0
1900,38.5
1325,43.5
1475,14.9
1712,50.9
1450,39.7
1575,16.1
1812,32.3
1400,11.1
1187,38.5
1475,22.3
2462,12.4
737,23.6
662,1.2
1650,48.4
650,31
2575,77
2737,19.8
650,0
2412,28.5
1100,16.1
1762,21.1
3300,21.1
600,2.4
1937,11.1
1162,39.7
1862,57.1
2537,14.9
1212,27.3
1775,57.1
1175,28.5
1850,63.3
1762,21.1
950,11.1
0,18.6
1037,0
650,33.5
1650,11.1
1412,34.8
650,0
1875,18.6
725,24.8
1825,11.1
875,14.9
2450,12.4
1462,28.5
1450,47.2
2087,11.1
600,0
650,0
2275,34.8
1437,43.5
2000,67.1
2425,63.3
600,0
1650,12.4
1762,21.1
650,14.9
212,17.4
1775,55.9
1850,32.3
1862,11.1
1037,12.4
1125,17.4
1350,34.8
662,3.7
1325,22.3
1025,13.6
1900,64.6
1162,39.7
787,26.1
2512,52.2
1437,44.7
1575,65.8
1387,60.9
650,0
1862,58.4
2450,12.4
1162,7.4
1762,60.9
1637,12.4
1862,19.8
1250,47.2
1175,38.5
1212,42.2
1275,38.5
1462,67.1
1225,8.7
975,43.5
1087,23.6
775,37.2
1275,17.4
2175,13.6
812,19.8
1312,41
1312,41
662,0
1962,13.6
2562,77
2100,23.6
1350,11.1
1112,14.9
0,0
1675,24.8
837,32.3
2637,17.4
1725,55.9
600,14.9
1175,21.1
1300,44.7
962,0
2462,55.9
700,21.1
2550,77
2887,31
675,0
2537,28.5
700,44.7
2075,74.5
1762,34.8
987,38.5
2050,38.5
700,0
2125,11.1
2962,16.1
1975,64.6
0,0
1487,41
2000,65.8
1362,27.3
0,0
1500,41
1087,24.8
887,24.8
1100,6.2
1837,12.4
1887,64.6
2087,22.3
1437,36
812,0
1662,60.9
1412,48.4
1487,37.2
2512,42.2
612,0
1950,22.3
900,0
2162,68.3
2537,41
687,0
1200,27.3
1850,62.1
650,23.6
1387,43.5
912,0
650,0
1187,26.1
1612,14.9
675,0
700,0
1275,39.7
1212,13.6
1425,39.7
600,34.8
2050,7.4
1087,7.4
1575,49.7
912,22.3
975,8.7
0,0
0,0
1050,22.3
1062,0
1825,11.1
1162,38.5
937,31
2325,17.4
1862,13.6
1300,44.7
1375,44.7
1262,38.5
2700,24.8
625,19.8
1487,14.9
1987,70.8
1362,19.8
2900,14.9
912,36
3100,21.1
2475,73.3
1187,32.3
1187,34.8
700,0
737,6.2
712,9.9
0,0
1675,14.9
2487,75.8
737,0
1512,44.7
1187,43.5
1787,11.1
562,0
2325,69.6
562,0
1350,50.9
1412,52.2
1637,14.9
1450,38.5
1800,44.7
950,0
887,2.4
1350,13.6
1687,63.3
650,0
1550,45.9
1800,54.6
1025,23.6
2762,84.5
0,0
1862,36
2450,73.3
662,0
600,1.2
2112,62.1
950,38.5
0,0
887,7.4
1487,45.9
1512,47.2
1337,43.5
2287,12.4
3487,42.2
2512,75.8
950,11.1
2087,12.4
2425,74.5
662,3.7
625,0
1237,39.7
2112,38.5
2312,24.8
787,0
2587,27.3
1237,17.4
1950,19.8
2525,80.7
2412,72
1125,11.1
1237,38.5
2287,72
1400,42.2
1137,14.9
1400,11.1
1887,57.1
1225,18.6
1662,19.8
0,0
1325,38.5
725,3.7
1412,47.2
1100,2.4
1187,33.5
2650,11.1
1037,12.4
0,0
1000,12.4
1100,18.6
250,13.6
2225,21.1
900,39.7
637,0
1262,32.3
2087,6.2
1775,12.4
650,0
1787,54.6
650,0
0,0
0,0
2850,65.8
2137,65.8
1862,64.6
1900,57.1
1300,37.2
2087,63.3
2062,27.3
600,0
1112,0
1425,34.8
725,8.7
1550,27.3
1075,0
1787,69.6
1287,21.1
712,0
1225,38.5
700,0
762,8.7
2075,0
2775,77
1062,8.7
2512,74.5
1150,1.2
2512,53.4
2475,74.5
1825,13.6
637,24.8
1225,39.7
2550,75.8
775,0
687,0
1862,12.4
650,3.7
975,9.9
2512,75.8
1175,36
2425,77
1512,6.2
1312,33.5
2912,9.9
675,33.5
1075,19.8
600,36
1225,23.6
787,1.2
1887,55.9
650,0
2075,8.7
600,0
2300,79.5
1787,31
987,14.9
1012,6.2
1012,6.2
662,7.4
687,0
2225,72
675,0
0,0
1875,60.9
637,4.9
0,0
1562,33.5
2050,59.6
1087,24.8
2025,16.1
737,0
1375,29.8
1475,42.2
1125,14.9
675,0
2012,60.9
1100,37.2
1087,18.6
1325,33.5
2112,11.1
762,4.9
625,0
650,0
1025,33.5
1137,38.5
1237,31
1375,43.5
675,0
2712,73.3
887,21.1
1400,41
2125,59.6
1000,23.6
650,0
3350,31
1375,34.8
2175,12.4
1162,39.7
1037,13.6
637,24.8
4562,50.9
1312,44.7
1725,38.5
1175,34.8
2362,73.3
1475,17.4
2025,18.6
1762,24.8
2475,18.6
1937,12.4
0,0
600,17.4
1950,32.3
1400,48.4
1675,62.1
1025,12.4
2250,74.5
2012,11.1
1462,11.1
2500,74.5
2200,75.8
0,0
2275,41
650,4.9
750,6.2
2075,62.1
1650,48.4
0,0
1112,63.3
1187,24.8
1275,24.8
650,0
1337,37.2
687,31
2287,29.8
2100,63.3
950,11.1
1575,53.4
1287,14.9
1762,21.1
662,6.2
0,12.4
937,4.9
0,0
1887,47.2
900,37.2
2312,80.7
1650,52.2
1150,43.5
1275,11.1
637,33.5
1962,36
1150,38.5
0,0
862,0
600,0
1800,62.1
2512,78.3
1787,62.1
637,0
1925,57.1
3075,33.5
2675,83.2
1750,65.8
0,0
600,0
1700,27.3
1825,58.4
2475,73.3
2287,12.4
1937,57.1
1637,67.1
762,7.4
2187,11.1
712,1.2
1662,54.6
1687,7.4
750,9.9
1687,58.4
725,0
1975,65.8
1387,44.7
1550,13.6
2500,27.3
2012,67.1
2712,43.5
1537,47.2
2712,28.5
712,0
0,0
1400,44.7
1625,54.6
2475,74.5
725,0
2587,82
1937,54.6
0,0
2250,18.6
1950,65.8
2537,75.8
1875,64.6
2800,83.2
2275,18.6
637,21.1
2400,74.5
1050,32.3
2962,89.4
0,0
2962,89.4
662,0
1450,39.7
1225,36
1462,16.1
2775,90.7
725,0
675,0
925,12.4
587,9.9
1525,43.5
900,17.4
712,0
2087,13.6
2487,12.4
1325,31
2750,33.5
1262,37.2
2300,68.3
1137,32.3
1975,58.4
2475,74.5
762,27.3
2037,12.4
1200,42.2
2125,82
2437,72
1712,11.1
2787,12.4
0,0
0,0
2637,75.8
700,0
950,52.2
625,0
3375,31
675,28.5
712,0
1237,79.5
1162,12.4
1575,50.9
1162,37.2
1337,34.8
2100,79.5
1300,12.4
1075,2.4
1375,18.6
1662,23.6
662,0
1100,11.1
1025,28.5
2137,79.5
0,0
0,0
987,38.5
1687,6.2
600,3.7
1125,31
1150,38.5
2062,63.3
1587,60.9
775,13.6
1450,0
737,0
1400,0
1212,16.1
1887,33.5
775,0
1900,12.4
2025,12.4
737,39.7
637,9.9
737,6.2
1112,13.6
1175,29.8
2212,68.3
2950,88.2
2325,12.4
787,11.1
712,0
1925,58.4
1362,23.6
1587,12.4
2862,73.3
2337,74.5
1850,49.7
1125,21.1
2012,33.5
2300,18.6
1637,58.4
1162,26.1
1650,43.5
625,27.3
2187,13.6
1687,17.4
1912,28.5
1862,29.8
2900,45.9
1812,26.1
1875,55.9
675,18.6
625,60.9
0,0
675,0
1262,47.2
1550,57.1
625,48.4
1437,42.2
2950,88.2
2437,49.7
1175,18.6
1450,55.9
1237,29.8
1412,32.3
1387,37.2
1887,8.7
1937,70.8
1312,34.8
737,0
2787,75.8
1350,44.7
1375,45.9
2675,79.5
1212,44.7
2062,16.1
3000,88.2
2262,7.4
1412,36
1487,24.8
2075,11.1
1487,22.3
1212,28.5
2200,73.3
650,0
2775,82
600,0
1162,39.7
1087,14.9
637,0
2112,72
1400,47.2
2025,72
0,0
1162,38.5
1100,12.4
1387,29.8
2687,79.5
625,37.2
687,13.6
2137,74.5
3050,93.2
775,18.6
1662,55.9
1525,64.6
2850,85.7
825,6.2
1375,33.5
1037,26.1
1050,13.6
2775,83.2
1625,11.1
2975,88.2
1262,47.2
1300,3.7
725,0
975,33.5
1637,18.6
625,31
1225,31
2287,22.3
1175,16.1
1950,31
1150,16.1
887,8.7
1162,39.7
1200,44.7
675,0
1775,21.1
537,0
2200,85.7
2137,68.3
3062,90.7
1550,58.4
1175,11.1
2825,84.5
1962,62.1
1962,62.1
950,24.8
2200,84.5
1700,36
2962,84.5
1950,62.1
1125,24.8
1212,18.6
2300,13.6
2025,13.6
1337,11.1
950,12.4
1287,44.7
2187,78.3
950,45.9
1450,48.4
2950,88.2
800,9.9
1137,16.1
1200,11.1
612,0
1325,11.1
2575,75.8
0,0
2487,73.3
1462,38.5
1362,22.3
625,6.2
1450,18.6
0,0
712,0
1862,70.8
1625,45.9
1412,22.3
2550,75.8
1137,19.8
2550,77
1250,39.7
2700,80.7
1225,0
875,0
1187,42.2
1112,0
1900,72
3187,39.7
1450,44.7
1075,39.7
1187,27.3
1037,27.3
1475,43.5
3087,91.9
2150,72
1537,50.9
1400,41
912,24.8
1562,39.7
2225,70.8
612,0
1462,11.1
1337,13.6
2062,72
1975,68.3
2612,78.3
0,0
1212,27.3
1187,26.1
2112,79.5
2825,84.5
1725,18.6
2087,79.5
2150,79.5
537,0
0,0
1987,68.3
2075,79.5
1187,11.1
750,6.2
700,8.7
1500,18.6
1137,0
3075,91.9
2012,79.5
637,0
2050,8.7
675,4.9
1212,13.6
2300,83.2
3087,19.8
1125,17.4
937,27.3
0,0
1025,26.1
1775,52.2
625,0
1325,41
862,13.6
1700,27.3
1075,27.3
0,0
2200,84.5
0,0
1875,12.4
1250,36
0,0
1612,26.1
1187,52.2
1350,52.2
1075,4.9
800,0
2237,8.7
0,0
762,9.9
1300,43.5
900,11.1
650,0
850,12.4
1600,17.4
837,1.2
1212,9.9
1462,43.5
1125,31
1275,0
0,0
2700,17.4
1900,67.1
1800,62.1
1100,11.1
1187,33.5
1362,37.2
1175,33.5
700,0
1025,37.2
2200,12.4
862,11.1
1675,11.1
1400,38.5
0,0
812,1.2
1350,0
1525,37.2
1712,6.2
1175,16.1
725,11.1
1562,47.2
2775,29.8
700,0
1775,60.9
2037,62.1
0,0
2137,12.4
2875,22.3
1462,37.2
0,0
1075,18.6
687,23.6
1200,33.5
2237,14.9
862,14.9
912,52.2
1212,11.1
1450,64.6
1537,38.5
0,0
1125,32.3
2025,8.7
900,7.4
0,0
1812,22.3
1525,58.4
912,19.8
1100,24.8
1250,38.5
3287,9.9
650,6.2
1412,13.6
1200,38.5
1087,16.1
650,2.4
1475,44.7
0,0
1750,52.2
625,0
1175,14.9
0,0
1100,11.1
1975,9.9
1050,18.6
3125,28.5
0,0
2337,7.4
3237,41
1912,74.5
2125,13.6
1950,73.3
1900,62.1
0,0
1287,44.7
0,0
2075,62.1
1787,52.2
1475,52.2
2125,63.3
1825,64.6
2012,63.3
1775,60.9
1762,63.3
0,0
1450,19.8
2062,62.1
2037,60.9
1112,48.4
0,0
825,0
1800,60.9
0,0
0,0
1975,60.9
1275,42.2
1012,11.1
1462,41
1762,17.4
1662,14.9
1850,12.4
1750,19.8
887,18.6
875,12.4
1037,32.3
725,0
0,0
712,0
1950,62.1
1725,50.9
1200,14.9
1850,22.3
1600,41
1300,41
2475,18.6
1487,37.2
875,14.9
1487,11.1
1475,53.4
1612,50.9
0,0
787,0
1400,53.4
1337,48.4
1800,63.3
1575,34.8
625,16.1
1737,55.9
2087,22.3
1712,39.7
1000,32.3
650,4.9
2312,65.8
1537,16.1
1912,19.8
2612,8.7
1587,43.5
1162,9.9
0,0
1087,8.7
1087,9.9
2550,32.3
3487,33.5
1775,21.1
3812,39.7
1300,0
0,0
912,1.2
1275,43.5
1300,18.6
3625,21.1
700,0
1050,0
1000,28.5
1250,23.6
1937,17.4
1387,13.6
2137,64.6
625,38.5
1875,0
712,0
637,0
637,0
0,0
1550,39.7
2237,16.1
0,0
1375,18.6
1612,52.2
1137,39.7
600,39.7
1900,21.1
0,12.6
0,0
1612,47.2
2087,12.4
1675,17.4
2262,24.8
0,0
1375,43.5
1750,4.9
1700,18.6
1837,53.4
1175,34.8
3137,26.1
2000,73.3
2262,72
2437,54.6
1150,13.6
1800,62.1
1462,0
962,24.8
675,36
1000,12.4
1000,33.5
700,13.6
662,1.2
1187,12.4
750,0
1387,38.5
550,37.2
1200,12.4
1437,48.4
637,0
637,0
1912,13.6
912,23.6
1175,34.8
1912,74.5
637,0
1787,27.3
1412,45.9
1000,37.2
1950,36
1487,37.2
2287,69.6
612,0
2500,13.6
2862,21.1
675,38.5
637,2.4
2475,17.4
2100,23.6
2300,16.1
1325,14.9
750,1.2
1837,60.9
637,0
2250,26.1
800,0
637,0
1750,12.4
2037,73.3
1125,28.5
2112,75.8
1975,19.8
712,17.4
1387,47.2
1725,24.8
1337,34.8
912,38.5
1125,8.7
1362,27.3
2575,11.1
1212,36
1937,11.1
2112,13.6
1162,23.6
1587,3.7
1087,16.1
1162,45.9
600,0
1987,16.1
1425,36
987,16.1
612,0
2175,36
1500,43.5
1400,44.7
4537,41
662,36
3750,69.6
1387,49.7
2262,54.6
637,0
1387,42.2
2375,17.4
1087,60.9
862,13.6
1187,12.4
2212,65.8
2137,16.1
650,0
1350,32.3
612,0
800,28.5
0,0
625,1.2
650,0
1412,14.9
1162,12.4
1287,12.4
1600,13.6
1025,13.6
2237,22.3
662,3.7
0,0
2750,18.6
1675,23.6
1737,19.8
1237,31
1837,23.6
800,0
862,47.2
1612,1.2
0,0
612,3.7
1375,41
2350,42.2
2237,21.1
2287,11.1
1862,11.1
1612,48.4
1312,36
737,42.2
712,7.4
1175,37.2
925,12.4
1175,0
0,0
862,11.1
1400,14.9
1987,63.3
1212,24.8
2737,28.5
1500,37.2
1512,39.7
625,16.1
1250,17.4
1500,37.2
1187,41
3112,21.1
1162,21.1
2425,18.6
2175,26.1
625,45.9
725,2.4
1362,45.9
2912,72
1325,48.4
3937,34.8
775,6.2
0,0
2150,74.5
1775,54.6
2137,74.5
1975,19.8
1675,11.1
1812,17.4
812,0
2250,8.7
2225,67.1
1962,32.3
962,2.4
612,0
1850,22.3
1237,38.5
2287,68.3
612,0
2462,29.8
1137,37.2
1637,55.9
2300,69.6
1475,37.2
1187,23.6
912,19.8
1000,43.5
625,0
825,11.1
1312,47.2
2287,68.3
1225,0
1137,21.1
612,0
2350,72
1087,13.6
662,0
737,9.9
2300,70.8
3425,73.3
712,4.9
1237,44.7
612,26.1
2762,19.8
1412,11.1
1175,21.1
1975,12.4
862,47.2
2225,8.7
1512,23.6
2525,83.2
1525,24.8
2325,69.6
1837,58.4
1800,57.1
1637,53.4
650,2.4
2000,75.8
1737,58.4
1562,39.7
1762,60.9
2175,79.5
1662,57.1
1075,32.3
1887,19.8
787,0
1850,63.3
1162,44.7
1112,42.2
1775,27.3
1337,42.2
637,36
1212,44.7
1175,48.4
1087,33.5
2037,65.8
562,17.4
2187,78.3
2650,23.6
2150,39.7
1000,31
550,0
2487,78.3
1475,49.7
1687,59.6
1500,27.3
725,9.9
625,0
1862,63.3
2537,77
787,0
1450,9.9
1125,17.4
662,11.1
1762,60.9
712,7.4
1900,13.6
2562,77
2862,85.7
637,0
0,0
962,0
650,60.9
0,0
762,2.4
0,0
0,0
825,12.4
1400,41
1912,65.8
687,0
1325,12.4
1500,54.6
662,0
1425,50.9
737,28.5
1925,27.3
0,0
2300,75.8
1275,41
1187,18.6
1387,23.6
637,0
1337,11.1
1687,29.8
1800,21.1
1762,16.1
1325,44.7
1262,32.3
2562,77
1312,36
2450,75.8
1475,11.1
2887,82
1800,62.1
737,4.9
3050,88.2
1675,37.2
762,14.9
900,3.7
2162,16.1
2162,16.1
2337,80.7
2550,75.8
2737,82
1487,47.2
662,7.4
1187,45.9
2550,77
0,0
1550,37.2
2300,79.5
1600,55.9
0,0
0,0
2587,77
2050,17.4
2212,80.7
1212,21.1
1412,48.4
1675,55.9
1937,14.9
1237,22.3
687,23.6
2687,80.7
1250,12.4
1675,49.7
1787,21.1
0,0
2637,80.7
650,31
1325,13.6
1575,49.7
1125,16.1
2575,78.3
1237,29.8
1262,42.2
2537,75.8
2200,12.4
2062,6.2
3325,74.5
1375,50.9
2312,18.6
1362,38.5
2162,82
662,0
2200,11.1
2100,11.1
1087,22.3
1812,60.9
1787,58.4
1362,43.5
1625,49.7
1725,31
1625,19.8
1050,21.1
1200,47.2
1612,53.4
1512,37.2
1900,34.8
3237,79.5
1050,12.4
0,0
700,44.7
1537,47.2
1700,11.1
0,0
1350,11.1
700,27.3
1087,11.1
1562,22.3
1337,41
1287,29.8
1525,50.9
825,34.8
887,4.9
2037,63.3
3250,87
2075,44.7
887,3.7
1725,70.8
1750,43.5
1237,41
0,11.1
2262,75.8
1212,37.2
1275,3.7
637,14.9
2562,75.8
1300,9.9
1525,33.5
2150,12.4
1687,52.2
0,0
1375,23.6
1337,49.7
0,0
2525,80.7
0,0
837,0
587,0
1037,16.1
762,8.7
1325,21.1
1450,57.1
1987,60.9
2450,75.8
2650,79.5
1287,0
2050,62.1
2312,72
1700,70.8
1350,47.2
0,0
2300,70.8
662,0
1312,17.4
1350,48.4
2437,77
0,0
1825,3.7
2087,11.1
2825,23.6
2487,74.5
1925,11.1
950,14.9
1725,31
1400,47.2
1400,44.7
1925,68.3
2025,23.6
2700,18.6
1062,41
775,0
1025,19.8
2112,21.1
1987,42.2
2100,12.4
662,0
1325,45.9
900,38.5
825,8.7
925,55.9
1325,43.5
825,0
650,0
0,0
2037,22.3
2537,77
1737,22.3
1937,47.2
662,3.7
1250,28.5
1175,22.3
1075,16.1
1637,14.9
1112,26.1
1387,42.2
1062,12.4
2425,11.1
2325,38.5
1212,28.5
2875,17.4
2375,72
1137,0
637,0
2512,74.5
2100,17.4
1537,48.4
1387,47.2
625,13.6
0,0
662,0
1350,11.1
575,0
837,0
1312,31
1137,9.9
1337,37.2
662,0
1800,22.3
1975,11.1
725,0
0,0
1137,17.4
0,0
2450,73.3
725,2.4
1175,33.5
2487,17.4
1350,45.9
2487,19.8
1000,17.4
1125,33.5
1487,13.6
1550,45.9
687,31
1912,47.2
1425,11.1
1037,13.6
1087,12.4
1225,13.6
1175,16.1
1112,0
2412,73.3
2387,74.5
2262,7.4
1362,17.4
0,0
1075,18.6
1300,33.5
0,0
812,2.4
950,33.5
0,0
1087,17.4
2100,65.8
600,0
0,0
1900,13.6
1750,70.8
1075,17.4
1962,22.3
1362,34.8
0,0
1950,11.1
975,12.4
1250,11.1
1462,32.3
1425,11.1
1037,11.1
875,11.1
1075,29.8
737,27.3
1875,12.4
0,0
1875,11.1
650,0
1100,7.4
3275,23.6
662,0
675,0
1350,18.6
2387,70.8
837,27.3
1450,12.4
1500,14.9
662,62.1
1775,44.7
1175,16.1
775,0
637,0
1337,11.1
1837,36
1512,11.1
0,0
1200,36
737,37.2
1087,37.2
687,0
1912,14.9
1075,27.3
1112,11.1
0,0
3050,14.9
637,0
612,41
1087,24.8
2362,72
1600,11.1
1837,38.5
1725,36
2012,8.7
1925,67.1
1212,16.1
650,44.7
1437,14.9
1525,22.3
1050,11.1
662,27.3
1000,33.5
612,29.8
2225,64.6
1762,31
862,11.1
2075,11.1
1662,52.2
1700,16.1
750,6.2
775,31
3075,24.8
1525,63.3
1412,29.8
1262,36
2487,8.7
712,0
1725,18.6
737,0
3362,22.3
1137,16.1
837,2.4
1362,43.5
837,2.4
1275,27.3
2387,33.5
1600,17.4
1100,17.4
1450,58.4
837,3.7
2975,31
562,0
3112,24.8
2212,19.8
1175,31
987,36
1912,16.1
637,0
2712,19.8
1812,19.8
1487,42.2
2137,65.8
0,0
887,18.6
825,0
1237,32.3
2850,84.5
1512,16.1
962,17.4
2050,60.9
0,0
2487,74.5
2312,59.6
1337,23.6
637,8.7
1475,0
0,0
1650,16.1
675,0
825,21.1
0,0
3287,21.1
962,13.6
2475,13.6
1300,36
2500,21.1
1637,11.1
2000,17.4
2587,9.9
1437,49.7
1337,48.4
712,2.4
1862,42.2
1325,47.2
762,0
2512,74.5
1325,27.3
2612,26.1
1575,33.5
775,34.8
1687,44.7
1312,41
1175,42.2
1475,33.5
1612,49.7
1587,36
2075,47.2
1725,8.7
0,0
625,55.9
2925,47.2
700,0
1300,44.7
712,0
2387,72
687,14.9
0,0
1037,4.9
862,8.7
2475,83.2
625,34.8
1412,11.1
2487,75.8
2150,0
2075,16.1
1700,11.1
2487,31
1650,11.1
2075,68.3
2537,75.8
2487,78.3
1287,39.7
1550,21.1
1637,39.7
712,41
0,0
1187,45.9
1812,63.3
2537,75.8
2137,7.4
2487,74.5
2437,82
2375,69.6
1450,0
1212,0
2375,69.6
1075,14.9
1725,0
1662,26.1
2475,73.3
0,0
2225,84.5
2537,78.3
2150,73.3
2475,73.3
2537,74.5
1075,16.1
1150,23.6
1525,13.6
1137,45.9
2512,75.8
1825,67.1
1412,49.7
2525,75.8
0,0
1537,45.9
1500,12.4
875,12.4
2237,78.3
725,0
1062,13.6
1725,17.4
1675,29.8
0,0
0,34.8
1200,38.5
0,0
2450,77
700,16.1
687,11.1
1175,33.5
2537,77
625,21.1
687,0
1287,18.6
1150,23.6
1687,12.4
1662,12.4
1162,16.1
1812,11.1
1387,45.9
1550,6.2
1950,65.8
1275,18.6
875,7.4
1400,41
925,6.2
812,9.9
2100,12.4
1825,63.3
1400,19.8
0,0
2262,12.4
2450,16.1
2612,78.3
1075,43.5
737,2.4
2450,11.1
1362,42.2
1662,63.3
0,0
800,0
1950,19.8
1137,37.2
750,16.1
2687,16.1
2275,14.9
2712,11.1
1250,14.9
650,0
837,0
1762,22.3
962,36
1137,23.6
0,0
1850,23.6
1087,13.6
1487,37.2
1400,68.3
1812,67.1
1825,64.6
2975,48.4
2650,28.5
1600,39.7
837,11.1
2662,79.5
1787,11.1
1712,65.8
1175,24.8
1850,67.1
950,4.9
975,18.6
3362,29.8
2600,79.5
1975,23.6
1737,64.6
0,0
1975,11.1
2337,69.6
800,4.9
1125,6.2
1062,11.1
1487,43.5
1975,18.6
1825,12.4
600,26.1
1875,18.6
1037,13.6
0,0
2462,14.9
1262,14.9
1400,68.3
1450,16.1
675,0
700,13.6
0,0
1325,50.9
1012,14.9
1012,14.9
1075,16.1
1600,24.8
912,29.8
2437,73.3
1437,27.3
900,38.5
1212,36
2150,8.7
675,0
2075,9.9
637,29.8
2562,23.6
1275,32.3
0,0
2425,74.5
687,19.8
700,0
675,0
2662,79.5
0,0
675,0
2087,22.3
1325,44.7
2112,8.7
0,0
1037,0
775,42.2
1037,17.4
2237,73.3
2562,78.3
737,0
1375,38.5
637,42.2
800,7.4
1175,37.2
1712,19.8
2312,73.3
1437,47.2
850,2.4
825,0
2375,77
2325,22.3
0,0
1300,41
1387,44.7
2037,16.1
812,0
2350,70.8
1350,41
2550,75.8
1375,16.1
637,0
2087,9.9
1475,47.2
0,0
0,0
1762,23.6
750,0
1812,42.2
0,16.1
2125,14.9
1900,63.3
2337,70.8
1200,45.9
1212,36
0,0
1375,43.5
687,0
0,0
887,39.7
650,0
1750,72
612,0
1412,41
1300,33.5
0,0
675,0
2112,13.6
950,33.5
1200,44.7
1187,37.2
1912,12.4
1487,43.5
2037,16.1
1275,39.7
2087,23.6
937,33.5
2325,39.7
1087,47.2
0,0
1037,8.7
750,16.1
750,16.1
2375,70.8
2137,69.6
1250,41
1300,8.7
0,0
1250,44.7
675,11.1
0,0
662,22.3
1487,49.7
850,7.4
1475,43.5
0,0
2000,63.3
2000,63.3
1762,11.1
2112,14.9
1712,53.4
1312,7.4
1712,36
637,0
1425,32.3
687,0
1525,12.4
737,4.9
2575,65.8
1450,11.1
0,0
650,0
1037,43.5
975,33.5
2137,11.1
2162,13.6
662,0
1112,42.2
2525,19.8
1925,12.4
962,47.2
925,16.1
1412,44.7
2200,8.7
1100,8.7
1150,32.3
1762,29.8
2075,70.8
1162,45.9
1437,48.4
2062,73.3
1562,33.5
900,3.7
2587,74.5
1450,24.8
1100,21.1
0,0
2262,68.3
2525,0
0,0
1525,52.2
1162,17.4
1637,11.1
2212,12.4
0,0
1675,48.4
1212,36
875,13.6
1025,11.1
2537,73.3
1075,9.9
1000,7.4
937,3.7
0,0
1375,34.8
1550,4.9
1387,44.7
1187,37.2
1850,54.6
700,28.5
1625,37.2
1275,13.6
1200,27.3
2375,73.3
1300,9.9
1437,38.5
1225,14.9
2350,12.4
1175,34.8
1287,0
2237,75.8
2600,8.7
3150,14.9
1700,57.1
1500,32.3
1287,42.2
1075,33.5
800,8.7
662,2.4
1725,11.1
1112,18.6
1325,36
0,0
1687,32.3
2312,23.6
1000,17.4
2225,26.1
2100,72
875,9.9
1575,12.4
1275,45.9
1100,23.6
1812,26.1
1937,34.8
1150,17.4
2212,21.1
1975,31
2062,75.8
2137,60.9
812,27.3
1787,11.1
637,38.5
600,21.1
1800,11.1
1300,31
1575,14.9
4275,50.9
1150,18.6
1087,11.1
1875,27.3
1150,31
1175,41
2775,44.7
1175,23.6
1987,13.6
1987,32.3
1775,60.9
1987,18.6
1575,11.1
2350,9.9
1512,42.2
2250,70.8
1275,11.1
1437,45.9
1112,7.4
0,0
3287,16.1
3187,23.6
0,0
775,0
912,34.8
0,0
737,0
2225,21.1
1612,11.1
1887,12.4
850,16.1
1250,29.8
0,0
1400,21.1
0,0
1287,49.7
637,0
1412,43.5
1800,11.1
650,0
2075,12.4
1200,36
2325,16.1
1137,31
2100,24.8
675,1.2
1537,59.6
1400,44.7
1650,57.1
1825,63.3
1762,11.1
787,0
700,0
875,13.6
612,52.2
875,0
0,0
0,13.6
1512,11.1
1087,12.4
1875,11.1
1087,11.1
1625,36
1975,11.1
1400,45.9
912,14.9
1062,16.1
662,0
750,17.4
1425,50.9
1837,44.7
1100,13.6
612,37.2
1162,31
1575,37.2
1075,11.1
787,43.5
1325,42.2
1825,17.4
1000,4.9
1875,16.1
1450,3.7
737,0
1700,4.9
3012,39.7
637,0
1725,59.6
1900,14.9
662,1.2
1112,0
712,0
2075,6.2
2150,68.3
2187,12.4
2112,72
1300,33.5
1387,11.1
2100,13.6
1262,34.8
1550,48.4
1287,41
787,0
675,0
712,0
1625,48.4
1512,24.8
687,0
662,33.5
1012,33.5
2412,24.8
1162,28.5
987,7.4
3062,79.5
787,4.9
675,1.2
2062,57.1
1000,17.4
2425,13.6
650,0
1950,50.9
687,34.8
662,0
1037,9.9
700,0
1025,19.8
1450,34.8
1050,14.9
2287,14.9
1012,13.6
0,0
2325,13.6
3100,78.3
900,0
2450,14.9
937,0
700,0
2562,57.1
837,0
0,0
0,1.9
1812,62.1
1750,59.6
1962,18.6
1587,41
1250,28.5
0,0
875,4.9
762,0
650,2.4
2825,22.3
1550,44.7
1525,26.1
2650,22.3
1475,49.7
1400,38.5
1225,49.7
1175,14.9
1162,19.8
3150,29.8
1650,11.1
937,16.1
1125,13.6
1325,0
1062,19.8
700,0
2112,6.2
825,0
3125,78.3
700,0
1250,17.4
687,0
1712,50.9
1487,45.9
1450,45.9
3125,26.1
1837,12.4
0,0
687,0
837,4.9
1350,44.7
650,23.6
1937,53.4
1200,13.6
1325,33.5
750,8.7
1462,11.1
1312,12.4
1250,31
1800,59.6
0,0
1325,17.4
875,3.7
1425,23.6
825,6.2
1050,27.3
1525,24.8
1362,43.5
1175,0
637,11.1
1637,44.7
675,0
1175,11.1
1025,8.7
762,2.4
687,0
975,27.3
1800,59.6
875,0
637,0
1175,19.8
1850,13.6
762,0
1437,8.7
850,11.1
0,0
2475,19.8
1275,29.8
2762,73.3
1762,59.6
2225,52.2
700,0
687,0
700,0
2150,73.3
1837,64.6
975,6.2
0,0
1150,19.8
2287,27.3
562,34.8
1000,11.1
1712,19.8
700,0
962,26.1
862,33.5
887,9.9
1987,22.3
1537,14.9
1912,29.8
1437,24.8
712,2.4
862,14.9
1037,8.7
1150,17.4
1037,11.1
812,7.4
1775,23.6
2075,13.6
1287,43.5
1550,16.1
0,0
0,0
1737,64.6
737,19.8
1262,50.9
1437,12.4
1187,11.1
700,0
700,0
1375,44.7
1875,63.3
2037,68.3
2162,14.9
675,0
1112,6.2
1112,12.4
887,6.2
675,0
2062,21.1
3550,27.3
2312,12.4
0,0
2312,24.8
762,45.9
712,27.3
1375,13.6
1150,38.5
1187,28.5
712,3.7
1412,19.8
725,38.5
1200,39.7
675,0
2125,64.6
1300,28.5
1387,11.1
637,0
712,9.9
0,0
1275,42.2
1237,27.3
2275,47.2
725,0
1675,52.2
1050,13.6
1262,16.1
1837,14.9
650,0
1262,43.5
1875,12.4
1175,11.1
2987,77
725,4.9
725,0
675,0
650,0
1987,43.5
725,0
1150,9.9
875,26.1
1362,12.4
675,44.7
2850,85.7
1825,21.1
3275,82
1550,32.3
2175,16.1
1312,18.6
0,0
1025,21.1
1737,34.8
650,26.1
687,0
1212,14.9
1112,39.7
0,0
575,6.2
950,12.4
2100,53.4
712,0
1237,16.1
887,0
1437,11.1
675,0
662,0
1937,64.6
625,0
2925,73.3
637,0
1750,11.1
1100,17.4
1750,64.6
1350,16.1
1387,36
1225,22.3
2050,6.2
1162,13.6
2025,64.6
1475,16.1
725,0
0,0
3337,34.8
2850,67.1
1062,8.7
2275,13.6
1787,28.5
1212,28.5
775,0
1275,38.5
1637,19.8
937,16.1
637,7.4
900,9.9
1550,37.2
2937,14.9
1375,42.2
1775,47.2
1850,42.2
750,0
1175,31
1175,31
1175,18.6
1887,6.2
0,0
1425,37.2
1625,52.2
700,0
887,14.9
1937,64.6
0,0
1837,11.1
1062,14.9
1262,41
1787,29.8
1425,43.5
1325,37.2
1112,32.3
1662,48.4
1537,11.1
675,0
1812,9.9
625,14.9
587,3.7
625,9.9
1400,34.8
725,33.5
2525,28.5
1325,36
1700,23.6
1250,24.8
1037,24.8
1787,28.5
2575,7.4
2762,13.6
1425,16.1
1500,45.9
1537,34.8
1237,19.8
862,12.4
725,17.4
1250,8.7
900,12.4
1150,23.6
1362,43.5
675,8.7
1450,16.1
750,0
1737,21.1
0,0
1425,6.2
750,0
1450,24.8
2875,19.8
687,8.7
900,0
2037,18.6
750,7.4
2600,14.9
2125,23.6
1087,11.1
1362,34.8
1675,54.6
937,50.9
2587,7.4
675,0
2000,19.8
1387,11.1
2587,19.8
1337,42.2
650,0
525,2.4
850,12.4
1437,32.3
687,9.9
1375,44.7
2500,49.7
1087,36
587,6.2
875,7.4
1912,22.3
1287,33.5
1150,28.5
975,28.5
1950,49.7
787,0
1787,19.8
1487,41
1025,16.1
1437,0
1375,41
737,0
1075,12.4
812,0
662,38.5
0,0
600,0
2325,16.1
1275,13.6
2737,78.3
662,0
725,0
2312,77
2225,77
912,22.3
1575,21.1
2750,18.6
1387,39.7
1375,23.6
2250,12.4
1900,63.3
1887,12.4
687,0
0,0
687,0
4787,49.7
2875,39.7
662,0
1800,49.7
725,0
1637,55.9
612,42.2
712,0
3212,82
987,17.4
700,4.9
912,18.6
1212,34.8
2312,12.4
1300,33.5
725,0
1187,26.1
2412,58.4
1662,57.1
662,0
1275,22.3
1175,37.2
650,0
812,6.2
775,6.2
1275,34.8
1387,7.4
2137,73.3
2225,75.8
675,0
787,0
700,0
1600,13.6
650,0
1850,28.5
1487,16.1
0,0
1400,31
1875,0
1612,37.2
1212,23.6
1062,12.4
2250,16.1
0,0
937,14.9
1587,11.1
1112,22.3
837,0
1562,18.6
550,0
0,0
675,0
1225,47.2
1150,8.7
2925,23.6
1350,11.1
2050,11.1
800,0
2612,84.5
1512,26.1
1562,47.2
1512,26.1
750,0
1300,44.7
987,17.4
2550,77
2975,11.1
1650,18.6
2350,27.3
1687,11.1
1050,16.1
1287,43.5
700,0
1475,19.8
1362,32.3
650,36
1000,8.7
625,29.8
1300,38.5
950,27.3
2012,45.9
875,22.3
1037,18.6
1412,22.3
1362,18.6
700,0
1900,26.1
737,0
2450,31
625,0
2125,9.9
1387,32.3
712,0
837,7.4
1537,48.4
825,19.8
1412,42.2
1662,26.1
1512,44.7
1737,52.2
750,3.7
2037,70.8
1550,45.9
1237,36
837,33.5
2037,13.6
1825,17.4
1500,39.7
787,0
662,0
1812,60.9
3487,43.5
675,0
675,0
1575,48.4
1687,49.7
4350,49.7
1187,16.1
637,3.7
1325,48.4
1350,44.7
612,34.8
887,38.5
737,2.4
700,16.1
0,0
987,17.4
2275,75.8
1662,41
1962,13.6
1262,31
600,0
1562,19.8
712,0
2500,73.3
1750,14.9
1000,23.6
2037,62.1
712,0
1237,12.4
1312,27.3
1862,62.1
1487,39.7
1887,21.1
1800,13.6
1062,12.4
1775,28.5
750,0
2000,21.1
750,0
1412,37.2
2300,23.6
2037,32.3
1425,42.2
1250,16.1
750,0
662,23.6
700,0
637,0
762,0
1800,12.4
1575,45.9
925,9.9
2562,28.5
1787,21.1
1800,36
1462,38.5
2650,44.7
1925,11.1
687,0
687,0
1225,12.4
687,0
2012,36
2312,23.6
1475,45.9
1175,11.1
912,33.5
1562,39.7
1175,23.6
0,0
1100,11.1
2287,70.8
1212,48.4
775,6.2
1175,27.3
1262,14.9
2225,16.1
2275,23.6
1362,11.1
687,0
875,13.6
800,34.8
2050,12.4
1225,11.1
787,0
1937,43.5
1825,36
1750,65.8
2200,65.8
0,0
937,11.1
687,0
0,0
750,47.2
1987,19.8
1825,12.4
1087,17.4
1525,39.7
2487,75.8
0,0
1087,17.4
1400,36
650,2.4
0,0
2475,75.8
1800,23.6
0,0
887,19.8
1187,14.9
1062,0
2000,43.5
1412,37.2
1200,13.6
1562,42.2
2537,38.5
1450,33.5
1375,0
2900,21.1
1000,0
0,0
1887,13.6
637,0
1412,39.7
612,0
1587,62.1
737,0
0,0
1400,45.9
2550,11.1
650,28.5
1000,12.4
2987,17.4
1912,65.8
1475,44.7
2037,19.8
662,8.7
1825,63.3
1412,44.7
1062,0
1187,0
1162,11.1
2387,18.6
2387,18.6
725,0
1275,0
837,17.4
750,0
762,19.8
662,0
2500,11.1
1662,33.5
1262,29.8
1100,17.4
662,1.2
1350,22.3
1962,11.1
0,0
2325,16.1
1675,49.7
2062,21.1
1675,49.7
0,0
650,0
2712,16.1
2675,24.8
800,6.2
1325,32.3
775,0
1687,70.8
1375,38.5
0,0
1287,41
1612,52.2
612,0
675,11.1
1025,7.4
2675,28.5
1662,49.7
1650,48.4
737,0
1562,45.9
1112,29.8
712,65.8
625,2.4
0,0
750,0
1025,13.6
1300,11.1
1737,6.2
1137,14.9
800,16.1
2250,18.6
1087,48.4
675,0
737,0
2200,69.6
2550,32.3
1712,68.3
687,0
1800,47.2
2300,34.8
0,0
0,0
2400,16.1
1325,42.2
3087,21.1
1125,11.1
1575,39.7
1175,11.1
1250,31
1362,31
2337,70.8
0,0
2437,74.5
2512,19.8
1437,50.9
1050,26.1
662,0
1950,19.8
737,0
612,0
925,9.9
1650,24.8
737,0
1062,11.1
1937,78.3
0,0
1700,29.8
1600,18.6
1750,23.6
1037,43.5
750,0
1425,37.2
1387,38.5
2250,79.5
900,4.9
1062,13.6
725,14.9
2562,14.9
1062,17.4
0,2.8
1275,44.7
1600,18.6
1437,53.4
1525,31
1812,14.9
662,0
1887,58.4
725,34.8
2025,13.6
1200,0
862,17.4
1187,44.7
1212,32.3
1550,11.1
2350,72
1887,6.2
1150,29.8
1125,23.6
2562,78.3
1100,16.1
712,41
1150,22.3
1462,34.8
1125,32.3
1712,16.1
2400,48.4
1362,52.2
750,0
725,9.9
737,0
1362,45.9
1837,54.6
1262,39.7
2300,12.4
1887,36
1525,13.6
1187,29.8
900,9.9
1325,13.6
2087,23.6
0,0
1637,11.1
1987,43.5
975,3.7
3387,27.3
662,0
2162,11.1
1825,55.9
687,2.4
3462,38.5
2312,16.1
1150,27.3
1412,28.5
662,0
1000,4.9
675,37.2
1125,28.5
662,0
1275,26.1
1762,52.2
2050,18.6
675,3.7
1837,12.4
1625,12.4
0,0
1175,33.5
0,0
1475,42.2
2737,21.1
1225,14.9
1387,43.5
1137,12.4
937,17.4
825,17.4
1587,41
812,0
825,0
1162,11.1
1937,65.8
1462,24.8
1000,36
1200,45.9
625,0
1787,18.6
1387,14.9
1037,6.2
1475,22.3
4400,73.3
1662,3.7
1637,11.1
1087,13.6
600,0
1275,48.4
0,0
687,41
1950,68.3
1412,28.5
2325,37.2
2212,62.1
725,32.3
2775,21.1
1900,70.8
1700,12.4
650,0
650,12.4
0,0
2025,74.5
675,0
837,11.1
1837,65.8
2737,14.9
862,8.7
1737,52.2
1125,13.6
0,0
1212,23.6
1450,47.2
1262,39.7
1750,11.1
2562,19.8
1300,21.1
1900,62.1
1925,69.6
725,22.3
862,6.2
1987,63.3
675,22.3
1450,43.5
2100,77
2112,74.5
1812,62.1
2112,73.3
775,6.2
675,53.4
1275,47.2
650,44.7
1837,62.1
1612,62.1
3137,31
862,14.9
2200,11.1
2175,69.6
1087,18.6
1425,53.4
2162,73.3
1825,63.3
0,0
0,0
787,6.2
3512,18.6
0,2.6
2037,69.6
2337,11.1
1875,59.6
2337,11.1
1012,6.2
2037,47.2
0,0
2150,33.5
1337,48.4
1687,67.1
675,0
1250,32.3
1475,41
1475,41
1975,17.4
1487,48.4
2162,21.1
1462,47.2
850,16.1
1187,48.4
1075,7.4
2087,63.3
625,6.2
3187,22.3
0,0
1637,63.3
0,0
1550,48.4
0,0
587,0
1912,68.3
1125,11.1
1900,43.5
3262,22.3
1700,18.6
2187,55.9
662,47.2
1012,9.9
2200,57.1
850,12.4
1425,42.2
1225,31
1600,63.3
1500,64.6
1712,64.6
1162,14.9
1587,4.9
2362,17.4
1350,53.4
1562,42.2
1387,55.9
550,0
687,34.8
562,0
0,0
2037,72
1812,67.1
2112,18.6
962,26.1
1800,23.6
1400,17.4
875,6.2
0,0
2075,72
4425,59.6
1812,19.8
625,36
1212,33.5
2175,14.9
1562,48.4
1387,32.3
737,0
2025,11.1
1200,19.8
1212,47.2
937,14.9
2162,78.3
3037,17.4
2237,74.5
2275,74.5
2300,16.1
862,4.9
1525,6.2
1850,6.2
1462,29.8
1837,12.4
2125,75.8
2200,9.9
2412,13.6
1200,21.1
1762,65.8
950,38.5
1925,26.1
1712,58.4
662,47.2
1712,64.6
675,0
1637,63.3
1362,21.1
1437,16.1
787,4.9
1100,0
675,0
1325,42.2
1312,44.7
675,0
1387,44.7
1550,11.1
987,27.3
1325,36
2125,22.3
1025,24.8
1600,45.9
1825,48.4
862,0
1625,17.4
1325,36
1100,45.9
1600,36
1250,28.5
2475,27.3
925,45.9
0,0
0,0
1400,49.7
687,0
1550,45.9
1037,6.2
1300,14.9
687,0
1237,11.1
0,0
1162,42.2
2412,16.1
900,21.1
850,9.9
787,6.2
2650,32.3
1800,53.4
2062,72
1462,47.2
812,7.4
1750,60.9
1587,14.9
1562,44.7
1387,44.7
1312,6.2
875,16.1
1337,50.9
2050,62.1
2112,18.6
1487,39.7
2200,17.4
1737,59.6
950,16.1
1162,41
1687,11.1
1762,14.9
612,0
812,13.6
0,0
1475,24.8
762,0
1600,27.3
1525,11.1
700,0
1050,12.4
1725,60.9
1762,60.9
637,0
1000,12.4
725,0
675,19.8
2437,14.9
637,0
1262,34.8
987,38.5
712,0
737,0
0,0
1712,57.1
1162,0
2187,74.5
1362,47.2
700,8.7
1362,11.1
975,22.3
2075,33.5
675,0
1000,12.4
675,22.3
1225,48.4
1325,43.5
2400,27.3
1187,31
587,0
650,0
2712,18.6
800,0
2387,12.4
762,0
1462,12.4
637,0
2437,19.8
2150,64.6
2012,75.8
825,0
737,0
3575,72
1850,18.6
1137,38.5
1200,37.2
1887,14.9
1712,60.9
2362,8.7
687,12.4
1112,16.1
1975,68.3
0,0.9
862,26.1
1275,16.1
1412,28.5
0,0
1287,32.3
1175,18.6
1900,12.4
825,57.1
1200,36
2375,67.1
1100,24.8
575,31
1375,11.1
1612,41
812,17.4
1850,55.9
1525,54.6
2725,27.3
1850,11.1
2625,12.4
1375,31
637,0
1312,32.3
1612,42.2
1375,11.1
812,0
637,33.5
1262,29.8
1300,14.9
3162,33.5
0,0
1412,44.7
675,0
2100,17.4
850,4.9
675,4.9
1425,24.8
1975,67.1
1675,64.6
1575,24.8
1237,27.3
1500,39.7
1512,49.7
3212,21.1
1787,24.8
1387,34.8
1450,43.5
1237,24.8
700,0
2262,22.3
775,34.8
662,0
662,19.8
1037,19.8
1225,14.9
2062,36
2012,14.9
2500,12.4
1400,49.7
1687,57.1
1512,19.8
1562,47.2
3350,38.5
2637,19.8
1100,0
1112,16.1
1425,42.2
887,9.9
3487,26.1
1050,14.9
1312,22.3
1500,45.9
637,16.1
2050,12.4
3350,44.7
1162,34.8
862,27.3
975,7.4
1237,42.2
887,9.9
1087,16.1
687,0
637,0
1162,24.8
1150,62.1
787,0
1612,11.1
625,47.2
1137,32.3
1200,12.4
625,43.5
625,0
1312,44.7
3475,43.5
0,4.1
1512,11.1
2275,16.1
2000,19.8
725,0
662,0
1662,49.7
1000,12.4
1275,41
0,0
2112,12.4
1412,44.7
1025,13.6
1412,45.9
1100,8.7
1550,31
1075,22.3
1175,32.3
887,8.7
2975,43.5
2025,9.9
0,0
1525,11.1
1500,39.7
700,12.4
1975,22.3
0,0
1650,38.5
1887,18.6
1825,33.5
700,44.7
1737,32.3
925,48.4
912,11.1
675,0
1350,39.7
2850,21.1
1087,8.7
2225,19.8
925,18.6
1212,17.4
1462,19.8
2125,18.6
1550,16.1
1162,12.4
1262,4.9
875,11.1
2100,24.8
1150,42.2
1287,44.7
2625,18.6
775,0
1825,19.8
1250,41
1375,27.3
1287,47.2
0,0
1362,24.8
1237,36
1800,11.1
2625,19.8
1050,9.9
1350,43.5
675,0
1725,42.2
1050,3.7
1512,21.1
1175,21.1
712,41
1700,72
1412,45.9
2050,37.2
1112,9.9
675,0
1212,50.9
0,6.2
837,2.4
775,24.8
1325,36
1187,36
0,0
687,18.6
2262,14.9
2525,37.2
1700,53.4
0,0
1187,42.2
787,0
1550,45.9
550,17.4
1187,57.1
550,41
2775,8.7
1862,12.4
1562,37.2
1087,22.3
1912,12.4
1150,23.6
1475,23.6
2337,26.1
737,0
1587,11.1
687,37.2
2987,18.6
737,29.8
1000,27.3
1475,11.1
1787,18.6
1775,11.1
1687,55.9
0,0
1737,12.4
837,6.2
1537,0
1300,29.8
0,0
1250,14.9
925,26.1
1150,9.9
0,0
950,12.4
1225,34.8
1300,32.3
1175,24.8
2025,69.6
1475,26.1
1175,38.5
2187,19.8
1450,44.7
1162,39.7
1512,19.8
1450,23.6
1462,47.2
1087,0
1162,23.6
2050,19.8
575,0
1675,26.1
1162,42.2
1837,9.9
775,0
1437,12.4
1550,14.9
937,37.2
900,19.8
2137,64.6
1425,27.3
1687,37.2
1175,38.5
600,0
1187,18.6
1037,16.1
687,0
237,29.8
1462,7.4
2787,8.7
775,4.9
1587,39.7
0,0
1275,21.1
1275,21.1
1287,42.2
1325,32.3
1100,11.1
1062,47.2
1062,8.7
1062,8.7
700,0
1412,45.9
2737,18.6
1162,26.1
725,0
2062,18.6
2062,18.6
1700,6.2
1050,17.4
675,0
775,0
2012,37.2
762,0
762,0
1162,9.9
1437,43.5
0,0
1337,11.1
1550,44.7
1362,14.9
1037,12.4
1462,47.2
1912,16.1
1162,39.7
2137,14.9
1062,49.7
637,0
1462,50.9
1550,45.9
675,0
1775,18.6
2762,13.6
725,0
1825,11.1
0,0
675,3.7
2000,54.6
1287,9.9
675,0
2387,53.4
1425,41
0,0
1700,14.9
650,0
1350,33.5
900,14.9
1612,11.1
1550,45.9
1225,27.3
2012,23.6
1075,28.5
2325,22.3
1287,29.8
1837,8.7
675,0
2337,31
800,0
2187,21.1
1175,27.3
2187,26.1
962,4.9
700,0
1812,18.6
1262,22.3
712,0
1137,18.6
1725,13.6
2450,73.3
1087,16.1
1937,54.6
987,24.8
862,47.2
1925,17.4
1750,14.9
2537,75.8
2537,75.8
1012,32.3
1237,45.9
0,0
0,0
2262,36
975,73.3
1412,48.4
1737,18.6
2050,11.1
1425,39.7
800,11.1
637,31
575,0
1475,47.2
2025,21.1
762,0
937,8.7
937,37.2
1475,60.9
1100,34.8
1412,41
962,18.6
887,12.4
1550,53.4
1450,45.9
2587,12.4
1512,37.2
1375,0
2337,14.9
1462,44.7
1162,37.2
687,0
0,0
587,26.1
1237,11.1
1900,19.8
1500,39.7
2187,11.1
1012,11.1
1225,12.4
2037,22.3
975,14.9
1537,13.6
2125,22.3
1662,11.1
862,36
1000,12.4
637,0
2437,78.3
1150,36
1500,22.3
1362,43.5
1887,21.1
1575,49.7
637,0
1575,57.1
700,0
1437,53.4
1475,19.8
2187,44.7
1050,13.6
887,13.6
1312,44.7
675,0
2187,74.5
675,0
687,0
1112,34.8
662,0
575,0
600,3.7
0,0
987,42.2
2000,13.6
0,0
4350,47.2
875,6.2
937,0
1700,8.7
1412,42.2
2537,75.8
700,0
2212,23.6
612,22.3
1825,11.1
1162,8.7
1562,34.8
1525,13.6
0,0
637,0
737,0
1650,34.8
1525,49.7
2662,18.6
737,0
1662,41
737,0
775,0
1925,6.2
1375,12.4
1275,29.8
2037,18.6
1337,34.8
787,7.4
887,7.4
762,0
687,0
1500,12.4
650,21.1
2450,14.9
1050,27.3
775,19.8
2387,22.3
962,52.2
1250,22.3
587,0
1000,32.3
1162,36
1187,34.8
587,0
1212,34.8
1425,18.6
2125,74.5
1662,14.9
0,0
687,39.7
650,0
200,8.7
1637,49.7
1962,17.4
1712,29.8
2387,24.8
1525,41
1562,29.8
800,43.5
1187,11.1
1737,59.6
1237,17.4
687,3.7
1962,55.9
0,0
762,13.6
1725,38.5
1687,24.8
1187,38.5
1475,36
1312,36
1187,38.5
2100,72
737,36
1100,11.1
825,16.1
1350,24.8
2625,21.1
2487,29.8
0,22.3
725,9.9
912,43.5
2125,63.3
712,0
1512,23.6
0,0
1000,13.6
637,41
1062,12.4
712,0
1175,32.3
2700,13.6
0,0
625,16.1
637,0
725,0
1012,18.6
1825,68.3
2512,27.3
637,0
1000,28.5
1175,13.6
1100,26.1
1187,39.7
712,41
1012,13.6
2225,70.8
0,0
1037,22.3
1375,37.2
1212,24.8
1987,57.1
1337,22.3
1075,11.1
1262,12.4
1000,22.3
1700,31
0,0
1662,38.5
1812,26.1
1900,11.1
2100,62.1
1412,22.3
3087,32.3
0,0
2500,26.1
2325,16.1
1362,32.3
1312,44.7
1375,33.5
1137,29.8
1900,11.1
1312,18.6
1650,19.8
725,26.1
1300,23.6
1787,64.6
1200,24.8
1612,53.4
2212,17.4
862,11.1
862,39.7
1087,11.1
0,0
1112,38.5
0,0
1625,34.8
1737,22.3
2450,19.8
762,49.7
0,0
1250,38.5
2175,22.3
1050,16.1
1525,65.8
2662,11.1
1375,37.2
950,34.8
1475,43.5
1475,16.1
0,0
1175,36
1300,22.3
2537,80.7
1625,48.4
0,0
700,0
1625,49.7
2637,17.4
1550,48.4
1712,22.3
1587,49.7
1900,21.1
1812,72
712,0
812,0
2425,27.3
1750,12.4
1975,62.1
1475,27.3
2212,16.1
1800,67.1
1675,17.4
900,16.1
675,0
0,0
1637,45.9
1812,17.4
1275,12.4
1137,16.1
1137,36
1125,28.5
1575,26.1
1037,21.1
1537,13.6
2675,13.6
1687,11.1
2700,36
550,48.4
712,1.2
1575,52.2
1437,0
0,0
862,0
1325,29.8
0,0
0,0
1600,27.3
2062,16.1
750,13.6
1962,23.6
1662,62.1
2375,27.3
0,0
1812,62.1
650,22.3
1700,29.8
1012,13.6
2312,29.8
1025,4.9
1812,22.3
2337,38.5
737,0
937,13.6
950,7.4
687,0
0,0
1687,60.9
1550,52.2
675,0
2700,11.1
1600,65.8
1375,37.2
2612,11.1
675,0
862,31
1325,4.9
1212,47.2
2412,72
937,12.4
2375,70.8
950,12.4
1800,53.4
1175,34.8
675,0
0,2.4
2637,13.6
2937,53.4
1912,11.1
762,6.2
1175,37.2
550,0
612,1.2
1925,21.1
1237,14.9
1762,13.6
1300,41
1312,48.4
975,19.8
700,6.2
1387,47.2
1687,58.4
1187,19.8
1700,17.4
700,0
675,1.2
675,0
1875,63.3
2887,17.4
1000,11.1
1412,55.9
1587,32.3
1012,26.1
687,0
1250,7.4
850,22.3
1350,19.8
662,0
1937,65.8
1400,31
837,23.6
2050,38.5
1025,16.1
637,0
862,11.1
1250,34.8
1025,16.1
637,0
1762,48.4
4912,55.9
1675,54.6
1800,11.1
675,0
1212,41
1675,36
1850,38.5
675,37.2
937,13.6
600,6.2
612,23.6
1150,31
2612,8.7
2837,13.6
662,0
1837,62.1
1237,7.4
2475,47.2
600,2.4
1912,72
4150,22.3
1037,42.2
1762,69.6
1725,37.2
1375,3.7
700,0
712,0
650,1.2
1175,39.7
1137,14.9
650,14.9
650,42.2
1187,21.1
600,0
2212,26.1
650,0
1625,37.2
1387,26.1
4200,43.5
587,31
1037,13.6
1862,59.6
1475,37.2
1087,6.2
2887,17.4
2050,70.8
1675,19.8
712,0
1675,22.3
787,17.4
2187,64.6
837,9.9
687,0
925,7.4
1050,8.7
712,0
1175,36
875,7.4
675,0
937,17.4
1325,13.6
2575,11.1
1200,19.8
1000,11.1
2050,21.1
1312,13.6
1525,26.1
1150,12.4
1262,39.7
2162,13.6
1187,11.1
2437,18.6
687,0
975,3.7
1062,13.6
825,8.7
2162,14.9
1262,37.2
1275,14.9
1100,18.6
1287,34.8
1675,59.6
1725,43.5
1512,43.5
1287,52.2
1450,6.2
1125,19.8
637,0
2187,16.1
925,38.5
675,47.2
1600,11.1
887,24.8
2675,17.4
1225,42.2
2200,31
1475,36
1062,36
650,0
1562,38.5
725,9.9
837,29.8
625,28.5
1237,58.4
787,39.7
1225,27.3
700,0
1537,17.4
1212,50.9
1400,41
675,28.5
1950,22.3
650,0
1137,27.3
1525,19.8
862,17.4
1512,27.3
1700,64.6
2725,23.6
737,14.9
1275,29.8
950,14.9
1137,26.1
975,18.6
1450,36
1350,41
725,0
712,0
1675,13.6
875,29.8
1075,47.2
2000,65.8
2325,14.9
0,0
1137,19.8
1175,48.4
912,19.8
1537,14.9
862,12.4
1775,16.1
1475,44.7
1125,24.8
1512,11.1
837,13.6
1662,49.7
1025,21.1
1387,45.9
1100,11.1
662,0
2562,12.4
1350,52.2
825,0
1125,7.4
1075,11.1
2037,0
1400,38.5
1337,11.1
737,0
975,14.9
650,0
775,12.4
2012,16.1
1175,31
1162,26.1
1400,49.7
687,0
1225,26.1
2025,17.4
650,0
737,0
787,7.4
1162,18.6
1237,52.2
2137,13.6
1062,18.6
712,0
0,0
1837,23.6
1200,38.5
2725,14.9
812,52.2
2562,21.1
2437,13.6
887,0
1562,43.5
1825,22.3
1462,48.4
625,0
1562,36
1187,36
1125,28.5
2125,26.1
0,1
1287,22.3
975,13.6
1137,13.6
1500,39.7
1250,36
1375,23.6
850,23.6
1100,11.1
2275,12.4
1312,39.7
1287,42.2
637,14.9
1312,55.9
2037,18.6
712,8.7
700,17.4
1175,22.3
1075,6.2
1362,22.3
1312,19.8
1375,44.7
1025,14.9
1475,49.7
825,8.7
1200,42.2
750,6.2
1812,37.2
1437,11.1
1487,29.8
1212,17.4
700,0
662,0
1237,29.8
912,28.5
1225,44.7
2250,27.3
1087,0
950,13.6
1912,63.3
0,0
1400,21.1
712,22.3
1025,28.5
2162,74.5
1850,41
1912,31
1100,11.1
1187,39.7
1862,11.1
1900,12.4
2062,13.6
900,11.1
800,31
575,0
1025,17.4
2700,19.8
987,18.6
1325,7.4
0,0
2287,78.3
1537,53.4
2062,74.5
662,3.7
1800,17.4
1837,17.4
937,16.1
1187,33.5
2137,17.4
1462,44.7
600,0
1100,39.7
650,18.6
962,23.6
750,0
1000,13.6
737,7.4
1487,28.5
3187,21.1
1025,44.7
1287,29.8
1725,7.4
1575,54.6
1175,27.3
712,18.6
1250,16.1
675,16.1
1375,44.7
1975,31
887,26.1
2100,16.1
1437,13.6
762,12.4
1225,0
725,21.1
1175,11.1
1750,16.1
1287,26.1
712,0
1500,42.2
1200,22.3
862,9.9
712,1.2
1475,37.2
750,0
1250,36
1500,49.7
1312,37.2
675,21.1
1212,28.5
3012,19.8
1550,59.6
2012,12.4
1787,52.2
937,8.7
700,0
775,49.7
587,22.3
925,11.1
662,7.4
1400,47.2
625,11.1
1337,13.6
1275,38.5
1025,23.6
0,0
1350,21.1
1150,22.3
1637,26.1
0,0
975,8.7
1487,33.5
1187,18.6
1337,12.4
1187,18.6
1487,38.5
1425,44.7
2812,29.8
1675,57.1
1437,23.6
1300,14.9
2500,12.4
3237,22.3
1875,72
1712,50.9
637,0
837,37.2
2175,16.1
3100,22.3
1325,28.5
1050,8.7
1050,7.4
1212,13.6
1350,34.8
1625,16.1
0,0
1600,26.1
1937,23.6
862,18.6
812,0
1650,49.7
712,0
650,0
2037,14.9
712,0
2350,69.6
1712,54.6
1687,21.1
1612,54.6
2262,69.6
925,18.6
675,0
2425,17.4
700,0
737,0
562,17.4
1925,38.5
787,0
2100,21.1
1175,31
1100,13.6
1900,64.6
2012,18.6
712,26.1
1387,37.2
687,0
887,8.7
1900,11.1
1912,50.9
0,0
1437,23.6
1250,41
1137,24.8
1762,52.2
725,0
1162,17.4
1175,26.1
1125,12.4
0,0
3075,21.1
662,39.7
1625,18.6
1337,60.9
1312,12.4
2325,17.4
2000,6.2
625,0
1162,33.5
1250,38.5
1162,19.8
1000,8.7
1300,41
1200,36
950,16.1
2187,11.1
2125,22.3
1187,36
1412,19.8
0,3.9
1650,11.1
700,0
900,4.9
600,1.2
1112,4.9
1050,16.1
1837,69.6
1475,43.5
2437,62.1
1187,13.6
712,0
650,0
1437,12.4
1387,26.1
1175,11.1
1750,24.8
737,0
812,4.9
1350,24.8
1225,16.1
925,12.4
662,4.9
650,22.3
1487,14.9
962,12.4
1175,8.7
1187,11.1
687,8.7
1450,45.9
2275,6.2
1112,11.1
2600,47.2
662,0
1050,16.1
1150,64.6
1750,62.1
1162,16.1
1350,41
2075,67.1
1250,42.2
1487,49.7
975,19.8
687,4.9
1400,36
750,14.9
1562,14.9
2162,14.9
1875,31
762,0
1925,37.2
1775,12.4
2462,16.1
1300,14.9
1187,23.6
1300,42.2
1012,17.4
1950,67.1
987,16.1
1350,59.6
675,3.7
0,0.2
2612,19.8
700,0
2612,19.8
612,49.7
1512,45.9
1500,58.4
0,1.8
1437,47.2
1725,68.3
1337,42.2
812,2.4
1487,48.4
637,0
1362,11.1
675,0
1100,12.4
825,0
2400,64.6
687,0
950,13.6
2150,68.3
1237,0
1225,22.3
1162,24.8
1587,48.4
662,14.9
1312,27.3
2262,69.6
1587,49.7
700,0
1512,14.9
1975,67.1
2225,67.1
725,0
1512,11.1
1712,53.4
0,0
0,0
887,11.1
1337,9.9
2000,60.9
1787,8.7
675,0
625,0
1187,22.3
675,0
1175,29.8
2175,68.3
775,0
2887,22.3
2887,37.2
1725,50.9
737,0
1687,50.9
725,0
1075,9.9
1787,62.1
687,0
1550,58.4
2250,47.2
650,0
0,0
1825,11.1
2812,33.5
1537,47.2
0,0
1812,17.4
1075,19.8
837,3.7
1262,16.1
687,0
1475,38.5
0,0
1625,48.4
662,31
1125,11.1
700,14.9
1762,42.2
1600,47.2
1762,42.2
550,50.9
612,0
1875,67.1
787,0
662,0
2262,69.6
1662,16.1
0,0
637,48.4
812,0
712,1.2
650,0
675,0
0,0
637,28.5
2275,27.3
1000,7.4
1050,7.4
987,36
1612,43.5
1825,63.3
0,14.5
2925,16.1
575,39.7
662,33.5
1012,32.3
2112,24.8
1575,12.4
662,13.6
787,2.4
0,0
1312,8.7
900,0
800,9.9
2562,85.7
1875,55.9
1200,14.9
1175,37.2
937,47.2
1637,7.4
1125,14.9
1287,16.1
3037,13.6
1137,9.9
2762,82
1012,39.7
587,0
937,2.4
1700,11.1
787,16.1
1175,36
2462,19.8
1375,0
1687,41
675,0
687,2.4
650,0
1012,44.7
950,2.4
1987,12.4
1875,14.9
1387,34.8
687,0
1187,19.8
1887,23.6
737,42.2
975,23.6
975,64.6
937,11.1
950,9.9
3262,29.8
650,0
2500,29.8
925,11.1
787,48.4
650,0
2075,34.8
1837,50.9
1287,48.4
1037,11.1
2237,48.4
1537,53.4
1750,12.4
700,0
675,6.2
1612,47.2
1225,36
1862,16.1
1750,16.1
1287,55.9
612,41
1562,4.9
1025,16.1
1437,11.1
1237,12.4
1237,17.4
1087,23.6
825,1.2
1950,22.3
1462,18.6
1312,44.7
1025,9.9
1500,11.1
1087,36
687,0
825,29.8
675,0
1562,52.2
2437,52.2
1575,17.4
875,32.3
2600,82
1275,11.1
750,0
1737,59.6
2412,11.1
2900,23.6
1662,17.4
0,0
2425,38.5
750,0
2350,16.1
687,9.9
1037,33.5
2037,24.8
1287,42.2
750,0
637,0
625,3.7
1500,32.3
675,0
962,14.9
1200,17.4
1525,48.4
1375,52.2
750,0
1300,14.9
1300,42.2
1562,44.7
1375,7.4
2062,70.8
0,0
1137,22.3
962,24.8
1112,6.2
1975,9.9
1687,62.1
2325,68.3
2162,72
2075,70.8
0,0
625,0
1675,68.3
925,22.3
2437,72
2437,16.1
812,11.1
2637,28.5
2425,72
2375,62.1
1062,33.5
750,0
1762,68.3
2612,26.1
2300,73.3
850,31
1162,33.5
712,19.8
2050,28.5
1425,38.5
800,4.9
800,4.9
562,23.6
1162,36
1612,24.8
2275,21.1
1100,21.1
1937,19.8
750,0
1437,23.6
1162,24.8
762,7.4
1425,47.2
925,58.4
675,0
737,8.7
2400,14.9
1525,34.8
0,0
1112,16.1
987,13.6
0,0
0,5.7
2062,11.1
762,0
1112,45.9
950,23.6
2125,7.4
1150,39.7
2237,23.6
750,0
1262,27.3
1887,11.1
0,0
1400,1.2
1362,11.1
675,0
987,11.1
1550,42.2
837,19.8
0,0
1887,18.6
2637,11.1
750,1.2
750,0
3112,32.3
2087,6.2
950,29.8
912,37.2
675,0
850,0
1212,14.9
1412,50.9
1750,18.6
1500,52.2
1037,14.9
725,6.2
1162,16.1
0,0
0,0
1487,12.4
1650,11.1
750,0
1175,47.2
662,47.2
2225,63.3
787,0
0,8.7
800,0
800,12.4
2350,11.1
1850,14.9
1775,12.4
1425,43.5
700,0
862,0
1212,16.1
1425,39.7
1312,18.6
687,0
1425,31
3112,16.1
2937,38.5
1050,17.4
1175,28.5
1337,27.3
2287,14.9
0,0
1562,13.6
1237,26.1
3050,23.6
687,22.3
2637,78.3
1550,47.2
700,0
1837,63.3
2300,13.6
1062,6.2
0,0
2550,79.5
1375,26.1
2612,31
650,0
3212,31
700,0
1050,29.8
862,0
637,0
0,0
2300,80.7
2550,17.4
2112,17.4
2112,19.8
1775,24.8
987,42.2
0,0
737,2.4
787,0
1275,23.6
1462,22.3
1625,21.1
1187,31
1137,33.5
1012,7.4
0,0
587,1.2
2762,14.9
825,0
1200,45.9
1175,28.5
637,0
1362,39.7
1412,22.3
1287,33.5
1325,12.4
2112,72
950,9.9
2125,12.4
2750,11.1
762,12.4
2325,6.2
675,0
1237,26.1
2100,72
0,0
2262,12.4
1237,12.4
2150,65.8
1612,26.1
1175,23.6
662,0
1025,7.4
962,17.4
687,0
1400,44.7
2150,65.8
2037,69.6
1275,42.2
2112,57.1
812,3.7
1175,18.6
1725,50.9
1175,24.8
1800,65.8
625,1.2
0,0
700,7.4
1275,21.1
712,0
1525,53.4
1075,11.1
1012,0
1837,72
2412,12.4
1175,33.5
1150,27.3
1537,41
687,0
1400,36
1850,54.6
1337,11.1
1262,22.3
950,7.4
775,19.8
1300,31
712,9.9
1937,18.6
1637,49.7
1325,14.9
2262,68.3
1175,26.1
700,0
850,38.5
2012,34.8
1675,45.9
1162,23.6
1325,29.8
1375,49.7
1637,28.5
1150,27.3
1062,19.8
575,0
1950,18.6
687,0
1850,68.3
1362,29.8
0,0
1662,12.4
1450,39.7
2587,14.9
1787,24.8
2062,21.1
1225,37.2
2037,37.2
3162,19.8
1300,33.5
1800,47.2
2325,58.4
937,57.1
2100,11.1
1225,13.6
1112,19.8
887,9.9
1362,16.1
787,9.9
1250,28.5
1175,17.4
1437,32.3
1175,37.2
1937,79.5
2612,17.4
1387,14.9
1262,37.2
1112,12.4
1225,45.9
3000,79.5
2862,75.8
1275,33.5
687,2.4
1525,16.1
1375,45.9
2012,60.9
2125,68.3
2000,45.9
1162,37.2
762,0
1050,12.4
2787,70.8
0,0.3
1812,77
2675,79.5
2550,75.8
2025,22.3
0,0
1650,26.1
750,0
1162,44.7
850,32.3
2775,29.8
1287,31
1937,72
650,0
1950,70.8
0,0
1862,11.1
1950,14.9
1137,37.2
1400,48.4
1475,47.2
575,0
0,0
900,7.4
2712,78.3
2637,13.6
2100,65.8
775,0
1637,55.9
937,6.2
1012,31
712,21.1
0,0
2187,67.1
1512,14.9
2475,72
2150,68.3
1662,49.7
675,8.7
1050,17.4
1150,31
2250,70.8
1750,59.6
2150,49.7
825,4.9
1537,57.1
1087,18.6
1400,11.1
875,2.4
1350,21.1
2600,75.8
2137,63.3
2037,8.7
687,0
1625,22.3
1025,23.6
1650,31
937,8.7
825,7.4
575,0
1387,28.5
737,11.1
1012,19.8
2275,12.4
1262,29.8
725,0
1150,43.5
1075,16.1
1862,16.1
1150,11.1
2062,47.2
1250,21.1
1375,49.7
1700,52.2
1387,36
2212,12.4
1050,11.1
2175,65.8
725,0
1912,14.9
0,0
787,47.2
862,2.4
1275,14.9
675,0
1050,29.8
2650,14.9
975,12.4
1600,13.6
625,0
2837,21.1
750,6.2
750,42.2
1875,55.9
575,8.7
687,0
1837,7.4
2050,24.8
1400,13.6
1575,14.9
712,0
1275,29.8
1862,31
0,0
1862,23.6
1612,47.2
675,0
1862,18.6
2112,48.4
2312,16.1
1200,29.8
950,6.2
987,11.1
1012,11.1
1800,13.6
1875,12.4
775,4.9
2150,16.1
900,16.1
2200,13.6
0,0
2375,73.3
2025,68.3
1512,41
2962,23.6
1162,36
1437,45.9
1525,13.6
737,7.4
1162,11.1
2162,36
0,0
1225,27.3
1350,23.6
1437,55.9
2187,65.8
787,0
2287,67.1
1062,11.1
1825,64.6
3375,59.6
1100,19.8
1200,14.9
0,0
1300,23.6
1137,24.8
0,0
712,0
1312,29.8
1250,33.5
2000,59.6
1200,41
1087,21.1
800,0
2100,65.8
1037,49.7
1562,39.7
1375,16.1
1187,11.1
1687,43.5
1162,38.5
1000,22.3
825,0
2875,32.3
1512,17.4
2787,27.3
1425,31
700,3.7
1400,6.2
1650,11.1
812,2.4
1150,34.8
3025,24.8
1362,47.2
1987,65.8
712,0
1987,65.8
637,0
675,23.6
850,0
687,0
3262,53.4
1625,48.4
1137,33.5
2225,24.8
1050,0
1400,16.1
1200,34.8
2050,22.3
2325,45.9
1725,26.1
637,0
1050,31
3050,22.3
1912,21.1
1162,32.3
2487,12.4
1200,36
1512,49.7
2525,34.8
2112,14.9
1162,36
675,0
1262,27.3
1887,48.4
2462,73.3
2487,74.5
2025,69.6
2262,65.8
1537,58.4
1162,21.1
1275,41
1487,45.9
1012,12.4
1437,47.2
1125,22.3
2500,14.9
662,0
0,0
2075,19.8
2337,24.8
1862,28.5
1625,48.4
2250,26.1
2637,14.9
1800,70.8
2437,24.8
962,0
762,0
1587,12.4
650,0
3250,22.3
2212,12.4
1275,19.8
1475,39.7
1550,62.1
562,0
1412,17.4
1050,0
1587,12.4
787,0
1612,54.6
2462,11.1
637,0
1437,47.2
987,26.1
0,0
700,0
687,9.9
1537,50.9
600,0
2387,0
2650,29.8
1500,48.4
712,0
987,11.1
587,0
1587,26.1
1125,33.5
1650,16.1
925,0
725,0
675,3.7
1637,26.1
1862,64.6
1750,12.4
962,12.4
1450,45.9
675,0
725,32.3
675,0
2475,12.4
837,3.7
1125,11.1
925,8.7
675,0
725,2.4
2212,11.1
1087,33.5
0,0.1
712,14.9
1087,45.9
2500,14.9
600,0
1362,33.5
1612,47.2
1300,17.4
1337,45.9
2862,75.8
1025,19.8
987,48.4
662,0
1550,45.9
1475,50.9
1300,32.3
1537,44.7
787,0
1037,9.9
1637,68.3
1450,16.1
787,0
0,0
562,0
675,6.2
700,2.4
1312,38.5
2012,12.4
1125,27.3
775,14.9
637,37.2
662,0
1087,16.1
600,0
1400,0
600,0
637,11.1
2000,21.1
2712,39.7
0,0
1037,13.6
1775,65.8
1387,37.2
1250,16.1
1500,50.9
1562,16.1
3112,78.3
1500,49.7
1175,12.4
662,0
1387,12.4
2025,16.1
1537,63.3
975,0
1650,43.5
1437,16.1
1200,38.5
1337,42.2
1775,62.1
1150,2.4
1475,49.7
1200,17.4
1475,50.9
2512,60.9
1812,11.1
1475,44.7
1625,48.4
1450,37.2
825,0
1162,22.3
1650,3.7
1950,3.7
2400,52.2
1250,50.9
700,0
3462,50.9
1150,18.6
1812,29.8
1762,65.8
1737,59.6
1075,24.8
1962,16.1
925,11.1
1325,41
1275,27.3
1237,47.2
2362,72
650,18.6
1600,27.3
1012,32.3
1750,50.9
1462,43.5
1612,67.1
1525,13.6
975,52.2
3200,38.5
4150,29.8
4150,29.8
650,19.8
700,18.6
1462,43.5
2075,16.1
1250,41
662,16.1
762,13.6
1850,54.6
750,0
1225,27.3
1650,12.4
0,0
1175,17.4
0,0
1375,8.7
900,8.7
1637,21.1
1650,17.4
725,0
2850,11.1
700,0
900,11.1
1887,12.4
1550,45.9
600,47.2
800,0
0,0
1287,26.1
875,7.4
762,0
1187,0
875,12.4
1100,12.4
1450,43.5
1887,18.6
725,0
1512,43.5
1962,9.9
1175,24.8
1500,44.7
2137,12.4
1037,13.6
1400,12.4
1262,16.1
1262,42.2
1300,18.6
1475,57.1
1250,21.1
0,0
1962,23.6
0,0
675,0
2487,8.7
1062,11.1
1125,16.1
1050,31
1600,47.2
662,0
1412,14.9
1562,45.9
912,14.9
662,0
1387,7.4
662,0
1487,47.2
2150,13.6
650,0
3400,26.1
1950,11.1
975,4.9
1762,53.4
712,0
662,0
1925,47.2
2025,11.1
2350,18.6
1787,39.7
1137,34.8
0,0
700,27.3
1287,38.5
1725,39.7
712,0
1312,34.8
1000,7.4
725,13.6
1150,31
1387,45.9
2412,11.1
1825,0
0,0
700,0
662,4.9
2125,58.4
1162,31
650,0
750,0
1812,14.9
725,59.6
0,0
1162,13.6
1187,43.5
587,0
1687,62.1
700,0
1225,0
1362,37.2
2662,19.8
2337,42.2
1187,18.6
662,0
2300,41
962,7.4
1037,12.4
1812,12.4
1962,64.6
575,4.9
962,14.9
962,12.4
2625,18.6
0,0
1237,17.4
1525,39.7
1612,37.2
1862,58.4
812,27.3
1600,49.7
1862,60.9
1562,59.6
662,22.3
0,0
1587,64.6
1525,41
1487,12.4
712,3.7
625,23.6
0,0
0,0
2112,77
1375,19.8
750,34.8
1337,45.9
1562,47.2
1575,48.4
1462,23.6
1625,38.5
1112,18.6
1112,18.6
750,0
1187,38.5
1412,26.1
1625,14.9
3175,31
1237,36
0,0
925,8.7
1500,11.1
1337,52.2
1675,59.6
700,0
2175,16.1
600,33.5
2175,13.6
1737,57.1
1725,53.4
2450,27.3
1100,0
2437,19.8
0,0
625,0
2575,14.9
1500,53.4
1575,27.3
1175,18.6
1187,18.6
1212,17.4
662,31
625,42.2
2237,77
2200,12.4
2300,23.6
1837,19.8
825,11.1
0,0
1200,31
2012,23.6
787,24.8
1975,11.1
0,0
762,7.4
1375,41
700,0
650,0
0,0
687,0
1612,49.7
1287,34.8
1937,12.4
1975,11.1
1775,68.3
1412,39.7
1750,49.7
1412,39.7
1550,11.1
1175,39.7
700,0
0,0
687,0
850,8.7
0,0
3225,83.2
887,11.1
3312,83.2
775,0
650,43.5
1050,28.5
1175,23.6
1850,64.6
2800,77
687,0
562,28.5
625,0
687,18.6
1912,19.8
812,0
650,0
1812,68.3
1350,43.5
1537,14.9
1487,16.1
1175,13.6
3225,84.5
2300,11.1
1237,0
650,0
637,0
1612,48.4
800,0
3437,24.8
637,18.6
1725,14.9
1750,52.2
1712,12.4
2412,14.9
1725,14.9
0,0
1637,26.1
1187,11.1
1812,18.6
1837,65.8
2050,70.8
1062,21.1
1212,24.8
2187,75.8
2112,77
550,27.3
637,0
862,19.8
1162,23.6
1387,50.9
1837,60.9
2225,63.3
1275,38.5
2225,36
0,0
1862,39.7
1287,36
687,0
987,12.4
1000,34.8
1387,44.7
1225,24.8
775,0
2362,23.6
1637,42.2
1025,0
1225,48.4
737,3.7
2062,12.4
1537,45.9
1062,17.4
862,8.7
675,0
1075,0
662,0
1362,11.1
687,0
1500,44.7
0,0
1175,0
1550,24.8
1437,45.9
637,0
1350,36
3125,83.2
1400,37.2
1637,47.2
1175,57.1
687,0
2037,68.3
2037,68.3
2887,74.5
2837,74.5
1237,32.3
1862,29.8
1000,18.6
1512,57.1
812,0
1700,52.2
1225,24.8
937,8.7
1825,11.1
2762,27.3
1737,17.4
1350,43.5
1187,12.4
912,29.8
0,0
1600,24.8
1100,14.9
1200,45.9
1575,53.4
2637,19.8
2812,36
700,2.4
1750,27.3
1062,23.6
1087,13.6
2075,33.5
2237,11.1
787,43.5
687,0
2212,17.4
1487,57.1
2325,21.1
587,0
1325,24.8
1175,12.4
1012,21.1
737,0
2850,16.1
1175,39.7
1650,44.7
1462,47.2
1562,58.4
700,14.9
1287,39.7
1087,4.9
1087,4.9
1125,31
1262,31
1625,54.6
0,0
1212,41
1212,18.6
0,0
1462,60.9
812,0
2350,11.1
1200,26.1
1462,24.8
625,0
662,0
1075,42.2
1387,26.1
3137,42.2
962,11.1
1487,11.1
712,0
1912,62.1
2125,14.9
0,0
1175,32.3
1625,11.1
650,0
1162,58.4
2137,37.2
650,0
1162,36
1350,45.9
550,38.5
2537,17.4
1562,70.8
575,0
662,41
2250,14.9
1162,23.6
712,0
1375,62.1
787,0
550,9.9
1250,34.8
725,48.4
625,6.2
1450,44.7
1575,26.1
2487,26.1
1175,27.3
650,4.9
662,0
687,41
650,2.4
1000,3.7
0,0
1175,39.7
1387,17.4
737,11.1
612,0
1562,33.5
1600,47.2
725,0
1025,13.6
1387,26.1
1475,63.3
1062,13.6
1137,17.4
1525,62.1
2000,48.4
2025,17.4
737,0
637,0
1600,39.7
1037,24.8
925,6.2
675,1.2
1437,42.2
0,0
1700,44.7
0,0
1600,58.4
962,13.6
1437,37.2
1012,16.1
1575,57.1
687,0
2200,16.1
1400,37.2
1400,53.4
662,0
975,49.7
1312,34.8
2025,24.8
650,0
987,17.4
112,3.7
725,0
1412,23.6
1175,34.8
662,2.4
687,0
1625,47.2
1612,16.1
1900,31
1337,37.2
2125,11.1
1625,62.1
675,0
800,0
1262,17.4
2312,18.6
1912,69.6
650,18.6
1637,52.2
737,0
650,0
1862,18.6
1762,23.6
1062,14.9
612,12.4
2000,18.6
675,0
1450,36
662,0
0,0
1262,37.2
600,0
1162,32.3
1062,13.6
2137,37.2
3525,39.7
1625,48.4
762,0
1637,50.9
675,1.2
1337,43.5
737,13.6
1312,19.8
1037,14.9
1337,16.1
637,0
1825,19.8
600,31
0,0
1000,12.4
1350,21.1
1125,32.3
675,49.7
2025,13.6
1912,57.1
1500,44.7
1187,14.9
762,0
962,11.1
1475,13.6
1350,36
2575,27.3
1475,44.7
1612,60.9
1762,17.4
3037,19.8
925,4.9
1637,17.4
637,0
3162,19.8
762,0
1987,14.9
675,23.6
1225,33.5
1137,34.8
1750,16.1
1312,19.8
1287,38.5
0,0
812,0
1400,45.9
675,22.3
1500,69.6
662,0
612,1.2
2337,17.4
1087,16.1
1225,34.8
837,0
2212,65.8
1950,74.5
1212,67.1
1737,52.2
1637,45.9
1312,16.1
837,0
1937,70.8
1000,8.7
1200,12.4
1912,72
1200,36
925,0
1612,44.7
700,7.4
1237,57.1
1387,49.7
3150,33.5
1350,49.7
662,23.6
1675,11.1
725,0
800,17.4
1837,14.9
1537,34.8
1175,32.3
687,0
0,0
812,2.4
2312,14.9
1937,69.6
1625,22.3
700,0
2212,27.3
812,2.4
1225,23.6
950,3.7
675,0
662,11.1
662,42.2
1212,12.4
1600,57.1
1262,55.9
1450,7.4
800,0
1337,37.2
1875,43.5
875,17.4
0,4.9
0,0
0,0
2187,6.2
675,1.2
1037,31
0,0
1537,41
0,0
2637,32.3
1750,11.1
687,0
1237,12.4
1437,42.2
3550,19.8
0,0
1487,42.2
1487,13.6
1375,9.9
762,12.4
0,0
1237,44.7
587,0
1150,32.3
837,19.8
2925,12.4
2075,72
962,7.4
1050,39.7
1662,48.4
1300,33.5
1900,32.3
2937,28.5
650,36
1075,27.3
1862,69.6
787,0
1737,58.4
1575,11.1
1875,67.1
1075,18.6
675,7.4
1625,41
1637,36
1850,23.6
937,27.3
2512,26.1
1212,13.6
1575,21.1
1000,19.8
1687,49.7
1500,47.2
1737,55.9
1212,14.9
1325,41
1162,45.9
0,0
1000,8.7
2312,11.1
3150,16.1
1225,14.9
2775,14.9
800,0
3512,32.3
1175,37.2
1125,36
2000,13.6
600,0
912,8.7
1062,11.1
1200,34.8
1787,14.9
0,0
1337,58.4
675,42.2
1137,12.4
1575,39.7
1687,38.5
1012,8.7
1387,42.2
1125,0
4362,45.9
0,0
1450,12.4
1225,16.1
1175,37.2
0,0
1187,38.5
850,13.6
1325,43.5
925,16.1
1262,3.7
825,9.9
1450,43.5
687,19.8
650,0
612,11.1
1100,17.4
1337,14.9
1712,62.1
1037,17.4
0,0
2975,26.1
2750,12.4
150,9.9
1412,37.2
987,14.9
662,3.7
775,0
2362,12.4
1512,38.5
1900,12.4
775,11.1
612,31
1012,11.1
562,43.5
1275,16.1
887,14.9
1237,11.1
1887,31
737,0
1475,18.6
1937,44.7
1925,60.9
1850,26.1
1375,48.4
2262,7.4
1737,37.2
1587,14.9
687,0
1662,48.4
2837,18.6
1225,23.6
837,0
850,19.8
1762,21.1
1387,6.2
1525,14.9
650,26.1
687,0
2625,17.4
2950,29.8
2250,11.1
1312,42.2
1137,53.4
825,11.1
1112,16.1
2937,32.3
1212,17.4
1150,19.8
812,0
575,14.9
1850,29.8
1012,52.2
975,44.7
1137,31
1200,27.3
0,0
975,49.7
0,0
1325,42.2
1600,49.7
1400,38.5
562,44.7
1537,43.5
1200,37.2
1537,21.1
637,0
1837,69.6
700,0
1425,0
0,0
937,0
1175,36
962,19.8
1712,11.1
1600,52.2
650,0
1075,32.3
2425,73.3
1812,13.6
1162,72
837,0
975,14.9
887,2.4
2175,14.9
0,0
2700,17.4
1300,43.5
2825,28.5
1162,4.9
750,19.8
837,24.8
2912,38.5
1287,16.1
0,0
0,0
875,0
2250,17.4
775,12.4
737,0
1587,14.9
687,0
2475,74.5
0,0
1850,24.8
1612,48.4
2425,74.5
2150,18.6
2150,23.6
700,3.7
2125,26.1
1900,55.9
612,2.4
725,0
1200,41
1012,2.4
2412,65.8
675,0
712,6.2
2462,68.3
0,0
762,0
1750,27.3
875,17.4
1437,21.1
1887,27.3
1112,7.4
987,9.9
0,0
850,0
1575,47.2
675,49.7
1000,7.4
1612,36
787,0
2200,18.6
1150,0
1125,3.7
1137,31
2312,62.1
1175,0
737,0
1825,14.9
2437,70.8
650,8.7
925,31
1187,19.8
612,12.4
1587,38.5
1200,33.5
625,28.5
2025,24.8
1187,19.8
762,0
1012,14.9
912,2.4
1887,55.9
1812,36
800,0
1162,16.1
1312,19.8
1100,36
787,9.9
1462,33.5
787,0
0,0
987,13.6
1712,16.1
1225,38.5
1312,21.1
1425,12.4
1112,27.3
0,0
1925,16.1
1387,44.7
1112,38.5
662,39.7
2225,36
950,3.7
1175,29.8
1062,24.8
1662,7.4
1375,47.2
1650,4.9
912,17.4
900,11.1
637,3.7
1150,33.5
912,31
1512,27.3
1512,48.4
2100,63.3
1737,44.7
4012,19.8
1750,8.7
0,0
1975,6.2
2000,22.3
725,14.9
0,0
3212,85.7
4125,83.2
1450,45.9
762,0
2375,70.8
1287,11.1
800,7.4
850,0
3375,17.4
2325,29.8
0,2.4
2525,82
687,0
787,13.6
687,0
1462,38.5
1150,18.6
1675,23.6
2425,74.5
2375,19.8
5112,69.6
2225,8.7
0,0
1062,26.1
1762,42.2
2900,28.5
1950,60.9
1337,0
1175,28.5
1512,47.2
1887,11.1
1100,21.1
2112,13.6
2025,12.4
1437,43.5
2125,63.3
637,8.7
1625,23.6
1425,48.4
950,14.9
775,22.3
1225,11.1
712,23.6
2612,55.9
2100,21.1
1437,13.6
2650,28.5
950,17.4
1750,52.2
1250,39.7
0,0
1037,48.4
0,0
825,6.2
962,34.8
2600,19.8
650,1.2
987,12.4
1150,32.3
2025,64.6
650,1.2
912,2.4
662,0
637,2.4
712,45.9
937,31
1750,52.2
0,0
1250,26.1
975,11.1
687,21.1
1162,11.1
2037,59.6
1487,48.4
1875,24.8
1712,52.2
1362,48.4
737,14.9
1400,41
1000,13.6
1150,14.9
1337,47.2
1437,52.2
2075,63.3
950,39.7
1212,16.1
962,8.7
1237,32.3
925,16.1
1337,29.8
1100,37.2
0,0
1712,47.2
687,0
650,0
625,0
762,18.6
1475,50.9
1537,31
1750,65.8
1250,12.4
812,8.7
712,3.7
1737,43.5
1775,68.3
1312,47.2
1437,47.2
2362,42.2
1825,73.3
1700,49.7
3287,16.1
1462,39.7
662,6.2
1587,47.2
675,6.2
1737,64.6
987,50.9
687,0
887,17.4
0,0
1775,65.8
1000,19.8
1800,14.9
812,0
1700,64.6
1137,14.9
1575,48.4
650,3.7
1162,36
675,0
687,37.2
1537,14.9
1662,38.5
1625,12.4
625,13.6
975,38.5
1512,24.8
1462,39.7
962,12.4
1650,37.2
2062,39.7
1712,21.1
650,27.3
2025,23.6
625,0
1000,27.3
962,43.5
725,0
2362,74.5
1625,11.1
1125,26.1
787,0
1162,34.8
612,0
2350,72
1187,36
1587,11.1
1687,16.1
937,12.4
2625,44.7
1150,22.3
1025,16.1
600,0
812,26.1
2762,18.6
1387,43.5
2287,8.7
1012,14.9
1175,38.5
0,0
612,0
0,0
1037,7.4
650,12.4
1237,12.4
2162,69.6
0,0
4475,39.7
1287,38.5
2000,16.1
825,0
1800,7.4
2300,49.7
2175,11.1
612,0
2312,72
675,0
1837,7.4
1300,29.8
800,0
3800,83.2
1300,50.9
1225,54.6
762,2.4
0,0
2162,78.3
1025,32.3
0,0
850,4.9
1650,47.2
0,0
1312,0
0,0
2187,27.3
2075,17.4
1387,38.5
1437,16.1
1375,19.8
1500,17.4
1275,22.3
700,0
1875,13.6
687,0
1900,8.7
2125,65.8
1325,31
2725,13.6
2050,23.6
3075,26.1
1112,6.2
2262,36
837,0
2175,73.3
587,0
1837,36
1600,28.5
912,27.3
1162,27.3
625,37.2
1175,32.3
1975,23.6
2175,73.3
637,0
2275,36
1175,16.1
637,0
2375,13.6
1075,37.2
1150,17.4
1125,26.1
712,8.7
987,18.6
1287,41
1675,41
1337,32.3
662,4.9
975,16.1
1300,36
1662,41
2625,11.1
1850,22.3
1375,12.4
675,9.9
887,63.3
1762,59.6
2337,72
887,14.9
1787,54.6
1262,38.5
2350,14.9
675,0
637,0
2187,13.6
800,7.4
0,0
1462,48.4
1637,45.9
1075,42.2
200,0
1237,14.9
650,1.2
1237,39.7
1862,13.6
1562,59.6
1512,11.1
2025,65.8
1550,32.3
2200,16.1
650,34.8
2212,70.8
1262,26.1
1012,12.4
1500,24.8
775,0
0,0
1625,14.9
750,17.4
637,0
1350,33.5
1212,39.7
1287,41
837,0
1950,11.1
662,18.6
1775,16.1
1975,24.8
1575,44.7
1737,23.6
1087,22.3
3912,33.5
725,26.1
637,0
637,0
1287,17.4
1675,53.4
1612,62.1
2575,31
1887,67.1
650,32.3
1325,31
650,0
600,0
675,3.7
837,9.9
1287,41
1275,29.8
625,24.8
1250,26.1
912,17.4
912,19.8
1225,22.3
837,2.4
2050,14.9
2112,68.3
0,0
1350,38.5
87,7.4
762,0
1700,16.1
787,0
1587,38.5
1250,38.5
1625,37.2
1225,12.4
1125,36
2437,27.3
675,0
687,0
0,0
1325,12.4
875,0
600,37.2
887,0
1425,12.4
1125,19.8
1125,19.8
1175,34.8
1612,44.7
637,0
1200,39.7
2962,27.3
1162,34.8
4162,44.7
1200,26.1
1350,47.2
2987,57.1
0,0
2312,21.1
1625,22.3
1250,11.1
1337,32.3
1612,12.4
1212,22.3
2125,16.1
2550,79.5
1500,43.5
1575,43.5
675,0
1275,37.2
0,0
1150,37.2
1900,57.1
1325,49.7
1212,11.1
1212,11.1
1650,28.5
2750,18.6
0,0
0,0
1050,36
612,37.2
0,0
1050,32.3
1512,45.9
900,36
800,8.7
675,0
700,0
650,0
1075,11.1
1175,38.5
1712,41
1275,31
1050,29.8
825,17.4
662,0
1000,22.3
1225,31
987,8.7
1562,36
1175,37.2
2500,17.4
1900,32.3
2500,17.4
1387,21.1
950,39.7
1325,48.4
2275,55.9
2125,12.4
1412,42.2
987,16.1
1037,18.6
725,4.9
1312,23.6
812,0
1062,8.7
1750,12.4
637,2.4
837,0
0,0
1912,64.6
1137,28.5
987,13.6
1012,6.2
1125,38.5
675,0
1300,17.4
1662,57.1
1362,24.8
1087,19.8
1025,14.9
2487,31
875,4.9
2412,27.3
2187,18.6
2037,64.6
3700,39.7
2287,70.8
962,11.1
1450,41
1325,39.7
0,0
650,7.4
3737,31
637,6.2
1125,44.7
1225,14.9
1050,17.4
1637,63.3
1150,37.2
1462,17.4
1200,14.9
887,6.2
1175,0
1450,53.4
987,7.4
1312,41
700,0
2362,9.9
1375,34.8
3737,78.3
0,8.7
3525,73.3
1350,16.1
0,0
637,0
1275,49.7
975,9.9
1137,17.4
2412,12.4
987,26.1
637,0
1162,0
675,37.2
1475,43.5
1037,0
2512,17.4
1500,34.8
2412,22.3
1637,26.1
1162,33.5
3325,24.8
1162,13.6
1825,6.2
900,8.7
687,38.5
700,27.3
1012,31
1000,47.2
1300,50.9
1225,34.8
2437,13.6
1000,24.8
912,12.4
1412,29.8
2337,29.8
2100,6.2
2437,12.4
2050,12.4
1187,37.2
1000,16.1
3262,68.3
1050,27.3
1562,11.1
687,0
625,0
725,16.1
587,0
1612,17.4
700,0
1887,57.1
2475,13.6
1887,16.1
2037,12.4
2175,11.1
1650,39.7
1487,33.5
1387,32.3
2100,69.6
3625,19.8
750,0
775,33.5
1150,33.5
637,1.2
1612,52.2
875,13.6
1287,17.4
1700,17.4
2037,65.8
712,32.3
0,0
675,0
1337,38.5
0,0
1187,24.8
1437,6.2
1162,24.8
662,27.3
1712,14.9
1237,32.3
1225,23.6
1200,19.8
1175,12.4
1162,26.1
975,34.8
0,0
1237,11.1
1050,12.4
4262,36
1600,14.9
650,0
2087,12.4
1162,24.8
1112,13.6
2025,24.8
650,11.1
975,11.1
1275,36
0,0
1025,13.6
1100,36
1287,7.4
4750,28.5
1925,22.3
1000,13.6
1375,6.2
1162,33.5
1275,29.8
1100,17.4
675,0
1300,39.7
1275,38.5
1700,17.4
787,0
1837,28.5
925,34.8
1000,7.4
1800,12.4
1512,31
1025,26.1
1437,39.7
850,27.3
1662,17.4
700,31
2387,75.8
1375,28.5
837,12.4
2387,13.6
0,0
637,8.7
1500,52.2
775,13.6
1587,47.2
700,0
1525,24.8
1425,44.7
1525,24.8
1037,14.9
1712,28.5
1337,19.8
2812,34.8
1937,24.8
1675,0
1412,37.2
1550,11.1
1050,11.1
1450,43.5
1550,43.5
2000,12.4
750,0
1675,28.5
662,0
712,0
2225,70.8
2537,29.8
1075,19.8
1275,38.5
675,41
1287,41
1412,36
1937,62.1
2325,67.1
1425,18.6
2212,31
1325,7.4
775,0
2500,65.8
700,48.4
1175,14.9
1262,26.1
1387,42.2
0,0
1437,29.8
1400,14.9
2500,0
2625,27.3
0,0
825,8.7
787,2.4
1775,19.8
1412,27.3
0,0
1375,26.1
1900,44.7
1862,21.1
2725,62.1
1675,49.7
737,0
2337,12.4
1375,39.7
687,0
2037,62.1
0,0
750,0
2037,23.6
637,4.9
2550,67.1
1362,45.9
2562,67.1
1925,33.5
0,0
2100,11.1
0,0
1362,31
1425,44.7
1112,23.6
675,0
1400,44.7
1387,24.8
1000,21.1
737,8.7
1662,18.6
1137,6.2
1875,62.1
1300,4.9
2312,11.1
1500,38.5
2375,70.8
1525,36
1462,41
1837,23.6
1162,34.8
1575,7.4
1375,36
2225,72
1087,6.2
1012,14.9
712,0
1637,45.9
0,0
1125,17.4
762,0
712,18.6
2562,67.1
1562,22.3
1012,14.9
712,0
0,6.1
775,0
2862,55.9
812,0
2800,32.3
1737,11.1
812,0
1862,13.6
1187,14.9
675,0
1175,14.9
1112,11.1
1037,11.1
662,0
862,0
2525,67.1
812,0
0,0
2375,28.5
2137,22.3
1587,42.2
1837,55.9
2537,29.8
637,2.4
762,2.4
812,0
2137,16.1
1125,28.5
1162,17.4
712,0
650,11.1
1562,62.1
1212,32.3
900,14.9
2112,24.8
750,0
650,45.9
1525,18.6
2112,24.8
0,0
875,0
1662,70.8
650,0
1925,22.3
1887,11.1
2087,24.8
2225,13.6
1062,9.9
0,0
2012,13.6
1650,48.4
1050,22.3
1387,43.5
687,0
2212,26.1
1025,19.8
1062,16.1
1462,38.5
2062,22.3
1375,0
1275,43.5
1925,13.6
1425,45.9
825,42.2
1625,11.1
975,42.2
737,0
2300,69.6
2837,14.9
2387,70.8
0,0
737,0
1275,28.5
2187,64.6
1837,58.4
1137,37.2
762,14.9
925,34.8
875,13.6
0,0
1412,41
1700,49.7
812,0
900,19.8
1450,16.1
1100,4.9
1125,41
687,0
1312,19.8
2075,22.3
1000,16.1
1462,16.1
2062,21.1
1550,18.6
1700,31
1400,43.5
1862,53.4
1375,38.5
912,9.9
1387,31
1525,45.9
1537,44.7
2475,24.8
1037,16.1
650,0
1487,19.8
1275,11.1
1675,23.6
1000,33.5
675,7.4
1425,39.7
4125,37.2
2537,37.2
1137,42.2
937,32.3
725,24.8
0,0
3437,16.1
687,28.5
1562,21.1
1675,59.6
1087,14.9
1987,9.9
1362,37.2
750,0
950,14.9
2062,41
1375,53.4
1387,53.4
737,14.9
937,16.1
1737,42.2
1875,48.4
600,11.1
0,0
1812,18.6
1000,3.7
700,0
725,0
1362,37.2
0,0
2750,48.4
1600,21.1
2087,14.9
2025,39.7
3025,39.7
712,50.9
762,0
587,0
2000,42.2
1687,14.9
1475,17.4
1262,48.4
1462,42.2
1337,39.7
2075,19.8
1937,32.3
1387,41
1212,48.4
1675,13.6
1787,28.5
1125,38.5
0,0
662,4.9
700,0
1212,24.8
3287,16.1
3737,32.3
1762,39.7
1162,32.3
1712,27.3
1862,16.1
700,7.4
1725,11.1
1550,34.8
762,2.4
3475,48.4
750,0
1312,42.2
1300,31
1562,26.1
1487,33.5
887,11.1
962,14.9
1762,39.7
575,0
1325,7.4
2400,8.7
1175,36
1712,41
1875,60.9
2237,8.7
2812,73.3
1550,55.9
2412,72
0,0
1300,41
737,1.2
912,12.4
1550,16.1
650,0
2025,57.1
1500,47.2
1187,33.5
1650,50.9
1100,13.6
1200,22.3
1500,36
1062,13.6
1575,18.6
0,0
1287,47.2
1312,38.5
2075,59.6
1600,23.6
2112,57.1
1125,41
1187,34.8
1900,24.8
2250,72
2275,70.8
1375,41
1475,48.4
0,0
1425,42.2
1562,36
0,0
1712,18.6
0,0
0,0
2437,74.5
637,41
2112,6.2
1612,55.9
1225,13.6
1537,49.7
1787,53.4
1512,55.9
1700,19.8
0,0
3112,18.6
575,0
1087,42.2
2975,23.6
0,0
1662,49.7
1137,17.4
912,19.8
1712,44.7
1400,44.7
1262,18.6
912,8.7
1200,22.3
1187,19.8
725,0
1450,39.7
862,4.9
625,37.2
1475,52.2
2387,22.3
937,6.2
2062,24.8
6550,48.4
1187,33.5
2075,60.9
1775,45.9
687,41
1375,11.1
3175,12.4
612,19.8
1587,12.4
1662,14.9
2012,78.3
1112,39.7
1925,62.1
0,0
2025,6.2
1050,43.5
2087,62.1
1537,36
550,0
650,0
2425,22.3
2462,23.6
1062,11.1
1362,22.3
625,8.7
1187,44.7
2275,69.6
2412,77
562,0
1900,14.9
712,0
1625,17.4
0,0
0,0
1000,39.7
0,0
0,0
1700,49.7
1737,59.6
1225,31
1287,31
712,0
1512,49.7
1262,37.2
1300,17.4
1962,32.3
562,0
1075,8.7
712,0
1687,42.2
4350,58.4
837,60.9
687,0
1100,16.1
825,3.7
1450,13.6
1300,26.1
1000,13.6
0,0
1987,63.3
2675,28.5
1387,48.4
675,0
1100,12.4
812,0
887,14.9
1337,12.4
1687,54.6
762,27.3
675,0
1437,27.3
1000,0
1425,43.5
1425,41
862,13.6
0,1.4
1512,17.4
1400,14.9
875,29.8
662,24.8
2287,14.9
1087,17.4
1287,39.7
1312,21.1
1412,45.9
2325,33.5
1062,0
987,11.1
2025,12.4
650,0
1562,55.9
0,0
1375,42.2
3025,23.6
1175,34.8
1137,27.3
1462,29.8
1300,22.3
1687,47.2
1625,18.6
687,33.5
1200,24.8
775,8.7
1137,12.4
662,23.6
987,11.1
775,9.9
1375,12.4
1212,39.7
987,26.1
1175,37.2
1400,48.4
1512,13.6
1312,13.6
1387,45.9
1275,19.8
2287,75.8
2975,27.3
675,0
1762,19.8
0,0
1587,42.2
1487,41
2375,80.7
1937,11.1
1600,42.2
2100,44.7
1112,26.1
550,18.6
1087,48.4
1687,37.2
1600,39.7
1662,12.4
687,44.7
2712,62.1
700,11.1
1250,32.3
2100,63.3
687,0
1387,44.7
1500,45.9
950,38.5
675,0
2475,83.2
1350,39.7
1487,31
2612,28.5
537,0
0,0
675,38.5
1312,39.7
2250,53.4
2250,53.4
1850,21.1
2712,14.9
2200,74.5
1237,11.1
637,3.7
0,0
1387,42.2
2725,24.8
0,0
2487,13.6
2487,73.3
1025,14.9
1950,65.8
1700,14.9
2587,12.4
2175,16.1
0,62.1
2262,11.1
1837,58.4
1775,53.4
1500,42.2
1475,38.5
2350,9.9
2437,9.9
1087,11.1
1062,34.8
2537,14.9
0,0
1937,12.4
1975,68.3
2087,64.6
1125,22.3
2125,19.8
700,0
687,0
675,0
800,0
3137,23.6
625,0
1675,36
2712,26.1
1200,43.5
0,0
0,0
2387,84.5
1450,44.7
2037,69.6
0,0
712,32.3
0,0
1750,55.9
1000,11.1
1050,28.5
2000,14.9
1212,17.4
2175,7.4
862,32.3
687,27.3
987,34.8
1650,49.7
2000,68.3
2987,83.2
3312,75.8
1412,12.4
1137,11.1
1137,32.3
1287,31
1562,29.8
1387,13.6
1162,38.5
0,0
1450,24.8
1150,31
2450,82
987,16.1
1037,22.3
1187,12.4
2400,84.5
2312,69.6
2187,11.1
900,14.9
1175,31
0,0
675,42.2
1425,23.6
1175,29.8
2125,0
0,0
2325,82
2312,68.3
2312,34.8
0,0
1037,14.9
1150,31
662,0
1025,6.2
2475,74.5
1662,18.6
1900,19.8
1275,39.7
1800,16.1
1237,39.7
2412,73.3
1837,54.6
1137,33.5
2087,37.2
1850,22.3
1962,41
1212,34.8
1112,0
2362,9.9
1275,27.3
2462,53.4
0,0
775,1.2
1262,34.8
1525,38.5
1425,0
575,0
2562,75.8
1062,24.8
2562,77
2450,75.8
1175,23.6
1287,14.9
2287,28.5
1425,43.5
1612,54.6
1300,33.5
737,2.4
1225,22.3
1000,14.9
1200,22.3
2400,73.3
0,14.9
1337,22.3
725,29.8
1887,7.4
1662,11.1
812,0
0,0
3187,16.1
1612,17.4
775,47.2
2500,74.5
1037,28.5
1212,19.8
1250,33.5
1600,50.9
1925,0
3700,42.2
1350,47.2
962,52.2
1000,9.9
2637,82
1962,50.9
0,0
2425,19.8
900,7.4
2237,17.4
1562,42.2
0,17.4
1700,8.7
2875,9.9
2987,16.1
2550,75.8
1787,45.9
662,3.7
1325,39.7
1175,14.9
1562,24.8
1150,49.7
1175,17.4
2275,12.4
812,47.2
1625,18.6
3237,27.3
3237,21.1
937,54.6
1962,12.4
0,1.4
1162,23.6
1287,31
0,0
2612,13.6
2325,75.8
625,0
1550,19.8
1325,39.7
0,0
1400,72
600,11.1
1200,21.1
2150,18.6
775,12.4
1250,11.1
625,27.3
2787,11.1
1375,48.4
2475,74.5
1262,21.1
1550,49.7
3312,23.6
3187,17.4
2862,70.8
1787,11.1
1450,33.5
2237,14.9
3100,24.8
2262,67.1
2237,68.3
1187,16.1
675,0
1162,16.1
975,42.2
1437,48.4
1725,59.6
2525,77
637,0
1262,38.5
1525,16.1
2412,75.8
2450,73.3
1350,36
1387,37.2
700,0
1562,37.2
1600,52.2
1362,47.2
2050,68.3
812,14.9
650,47.2
2050,70.8
650,0
1250,29.8
1012,17.4
2150,79.5
1912,37.2
725,0
1175,29.8
1487,31
2225,83.2
2300,78.3
1675,57.1
2475,21.1
2400,64.6
712,9.9
825,11.1
1950,11.1
2012,11.1
1375,37.2
550,0
1687,62.1
1050,21.1
1275,33.5
537,0
675,23.6
925,17.4
1537,13.6
1537,22.3
2525,78.3
1162,17.4
1225,33.5
2537,84.5
1125,18.6
1337,37.2
662,38.5
1400,58.4
1775,12.4
1800,13.6
1712,58.4
1312,31
1000,4.9
2100,78.3
2225,52.2
2437,83.2
1550,23.6
2262,72
2100,67.1
1175,22.3
2000,42.2
1912,49.7
1100,13.6
1687,8.7
1187,44.7
2837,89.4
2087,67.1
1287,33.5
662,0
1962,59.6
1450,57.1
1325,16.1
1737,12.4
1512,7.4
787,3.7
2100,78.3
0,0
1737,59.6
1712,67.1
0,0
2262,68.3
812,0
1175,14.9
1812,11.1
1600,47.2
0,0
0,0
1087,14.9
1212,26.1
1737,59.6
937,41
1650,57.1
2375,72
612,34.8
1162,14.9
2000,12.4
1262,6.2
975,13.6
675,13.6
1625,54.6
962,50.9
2262,14.9
2325,70.8
1337,45.9
0,0
2275,68.3
2512,74.5
612,43.5
687,0
662,0
1300,32.3
2400,74.5
1937,73.3
2325,69.6
1487,44.7
1587,50.9
650,0
2387,72
1625,54.6
1150,52.2
1375,52.2
2050,72
2500,75.8
0,0
0,0
2100,7.4
2450,73.3
1762,11.1
2475,74.5
1200,19.8
3362,24.8
2675,12.4
3537,24.8
625,0
725,3.7
1762,62.1
675,42.2
0,0
675,0
2275,14.9
2400,60.9
625,0
1637,32.3
0,0
2425,75.8
4525,36
1437,42.2
1437,43.5
0,0
2087,16.1
1150,21.1
1512,0
2200,38.5
2375,14.9
1950,3.7
1687,24.8
637,0
2050,60.9
2275,68.3
1812,13.6
2562,7.4
1637,49.7
2387,16.1
3387,26.1
712,3.7
1462,23.6
987,12.4
775,48.4
1462,37.2
1000,11.1
1750,60.9
1425,13.6
1512,23.6
2475,41
1612,18.6
1300,32.3
2537,75.8
1287,41
1175,33.5
887,53.4
1262,23.6
737,0
2400,73.3
0,0
1675,49.7
637,0
1200,41
0,0
0,0
0,0
2250,19.8
1612,65.8
1900,16.1
1475,43.5
1500,62.1
2312,55.9
2400,11.1
2487,75.8
1125,39.7
1675,11.1
0,0
1525,13.6
1275,13.6
0,0
1362,36
1212,41
1150,41
0,0
1037,7.4
787,0
1475,52.2
1500,54.6
0,0
1400,43.5
1437,50.9
975,16.1
2662,19.8
1787,11.1
637,0
1662,28.5
637,0
1812,14.9
2312,74.5
0,0
1112,4.9
0,0
2600,12.4
0,0
1175,12.4
2337,13.6
1525,21.1
1887,59.6
1212,37.2
600,0
1875,23.6
2250,67.1
2237,67.1
0,0
1962,17.4
1412,49.7
1825,12.4
2150,68.3
925,11.1
625,0
712,9.9
2412,72
1375,32.3
637,0
862,21.1
2412,73.3
1975,31
2162,19.8
1775,31
1650,19.8
625,0
612,0
1300,36
2325,69.6
2537,75.8
2450,54.6
3800,23.6
1812,22.3
1587,17.4
1275,37.2
2825,29.8
0,0
2550,12.4
1825,32.3
1787,11.1
937,16.1
662,6.2
0,0
2375,73.3
1350,45.9
2050,70.8
2237,72
2237,74.5
712,1.2
625,0
3225,14.9
812,0
2762,28.5
1300,11.1
1762,45.9
650,0
2087,13.6
1100,11.1
0,0
2300,23.6
2187,26.1
2562,77
1175,14.9
1550,27.3
1087,21.1
2012,12.4
1287,36
737,3.7
737,0
950,11.1
612,0
1400,48.4
1975,12.4
1587,28.5
650,0
1387,50.9
0,0
1200,18.6
1437,0
1175,14.9
1687,73.3
0,0
712,22.3
2462,13.6
1125,23.6
687,0
987,13.6
1925,19.8
1750,32.3
1987,68.3
1250,39.7
612,0
2250,69.6
0,0
1437,64.6
1687,49.7
600,9.9
1750,68.3
0,0
2000,75.8
1175,38.5
1037,28.5
1175,38.5
1750,18.6
1087,24.8
0,0
1987,67.1
1112,11.1
1875,55.9
0,0
2275,72
1500,43.5
1225,48.4
1575,65.8
1862,52.2
1300,37.2
1600,52.2
1862,54.6
1150,43.5
962,26.1
1150,41
1687,49.7
2075,69.6
2112,67.1
612,0
2087,12.4
2087,12.4
0,0
1975,70.8
2675,13.6
2112,63.3
0,0
2175,70.8
2087,32.3
2150,67.1
0,0
1700,13.6
1062,13.6
0,0
625,0
1075,22.3
1762,33.5
1387,16.1
612,0
2150,73.3
2275,68.3
650,0
1212,37.2
2012,64.6
2012,67.1
0,0
1062,17.4
1175,11.1
712,7.4
912,21.1
937,13.6
2125,28.5
1300,59.6
2400,72
2187,64.6
2112,65.8
1800,24.8
875,8.7
700,0
1775,34.8
0,0
1712,14.9
1525,34.8
1487,44.7
1487,44.7
1450,12.4
687,13.6
662,9.9
0,0
0,0
1675,11.1
1837,12.4
1837,12.4
1012,23.6
2037,16.1
675,0
1837,29.8
950,12.4
0,0
4262,34.8
1475,19.8
0,0
1987,17.4
1425,14.9
962,13.6
1350,11.1
1662,29.8
0,0
662,11.1
3250,32.3
3100,38.5
1675,11.1
2987,26.1
675,0
1825,17.4
2025,8.7
3900,52.2
5075,43.5
2387,18.6
1600,31
3137,28.5
1925,60.9
2912,53.4
1800,21.1
3925,12.4
5725,36
1812,53.4
3425,59.6
6962,45.9
1675,50.9
2250,28.5
1275,11.1
1262,6.2
3175,21.1
762,0
950,11.1
1962,60.9
1125,17.4
2100,11.1
1612,11.1
4900,39.7
662,0
1087,21.1
2012,55.9
2187,65.8
2200,65.8
1900,42.2
675,0
0,0
1050,0
1087,1.2
1425,14.9
3262,53.4
3700,37.2
2687,24.8
1762,27.3
1425,42.2
1412,42.2
975,47.2
1837,12.4
1450,33.5
1462,32.3
2637,62.1
875,36
2400,59.6
1737,28.5
2000,23.6
1937,32.3
1687,27.3
2412,17.4
3087,14.9
2050,62.1
2375,69.6
2087,63.3
987,11.1
1750,62.1
2137,27.3
1637,50.9
1337,6.2
2850,47.2
2000,75.8
6800,73.3
3725,36
1600,14.9
1150,11.1
4762,55.9
1562,44.7
2687,42.2
0,0
0,0
1637,49.7
1500,48.4
0,0
1387,8.7
1862,31
1750,16.1
2287,27.3
4737,50.9
3562,37.2
4287,43.5
675,0
662,13.6
662,0
1087,8.7
0,0
1112,11.1
1912,14.9
2000,17.4
2412,28.5
1112,12.4
725,2.4
1237,19.8
1125,8.7
2250,26.1
0,0
687,0
1650,23.6
2537,18.6
2300,37.2
950,11.1
950,11.1
650,0
